GSM1341955_NI.2500-5000_SORTED.bed.peak.txt
chr1	0	248289962	249250621	0.996146
chr1	1	960659	249250621	0.00385419
chr10	0	135034086	135534747	0.996306
chr10	1	500661	135534747	0.00369397
chr11	0	134447763	135006516	0.995861
chr11	1	558753	135006516	0.00413871
chr12	0	133537622	133851895	0.997652
chr12	1	314273	133851895	0.00234792
chr13	0	114697019	115169878	0.995894
chr13	1	472859	115169878	0.00410575
chr14	0	106657286	107349540	0.993551
chr14	1	692254	107349540	0.0064486
chr15	0	102401024	102531392	0.998729
chr15	1	130368	102531392	0.00127149
chr16	0	89988382	90354753	0.995945
chr16	1	366371	90354753	0.00405481
chr17	0	80638564	81195210	0.993144
chr17	1	556646	81195210	0.00685565
chr18	0	77837963	78077248	0.996935
chr18	1	239285	78077248	0.00306472
chr19	0	56795917	59128983	0.960543
chr19	1	2333066	59128983	0.0394572
chr2	0	242550825	243199373	0.997333
chr2	1	648548	243199373	0.00266673
chr20	0	62064277	63025520	0.984748
chr20	1	961243	63025520	0.0152516
chr21	0	47653497	48129895	0.990102
chr21	1	476398	48129895	0.00989817
chr22	0	51161223	51304566	0.997206
chr22	1	143343	51304566	0.00279396
chr3	0	197740115	198022430	0.998574
chr3	1	282315	198022430	0.00142567
chr4	0	190761064	191154276	0.997943
chr4	1	393212	191154276	0.00205704
chr5	0	180537846	180915260	0.997914
chr5	1	377414	180915260	0.00208614
chr6	0	170114238	171115067	0.994151
chr6	1	1000829	171115067	0.00584887
chr7	0	158602079	159138663	0.996628
chr7	1	536584	159138663	0.0033718
chr8	0	146242274	146364022	0.999168
chr8	1	121748	146364022	0.000831816
chr9	0	140877712	141213431	0.997623
chr9	1	335719	141213431	0.00237739
chrM	0	16571	16571	1
chrX	0	155153979	155270560	0.999249
chrX	1	116581	155270560	0.000750825
chrY	0	59363338	59373566	0.999828
chrY	1	10228	59373566	0.000172265
chr6_ssto_hap7	0	4928567	4928567	1
chr6_mcf_hap5	0	4833398	4833398	1
chr6_cox_hap2	0	4795371	4795371	1
chr6_mann_hap4	0	4683263	4683263	1
chr6_apd_hap1	0	4622290	4622290	1
chr6_qbl_hap6	0	4611984	4611984	1
chr6_dbb_hap3	0	4610396	4610396	1
chr17_ctg5_hap1	0	1680828	1680828	1
chr4_ctg9_hap1	0	590426	590426	1
chr1_gl000192_random	0	547496	547496	1
chrUn_gl000225	0	211173	211173	1
chr4_gl000194_random	0	191469	191469	1
chr4_gl000193_random	0	189789	189789	1
chr9_gl000200_random	0	187035	187035	1
chrUn_gl000222	0	186861	186861	1
chrUn_gl000212	0	186858	186858	1
chr7_gl000195_random	0	182896	182896	1
chrUn_gl000223	0	180455	180455	1
chrUn_gl000224	0	179693	179693	1
chrUn_gl000219	0	179198	179198	1
chr17_gl000205_random	0	174588	174588	1
chrUn_gl000215	0	172545	172545	1
chrUn_gl000216	0	172294	172294	1
chrUn_gl000217	0	172149	172149	1
chr9_gl000199_random	0	169874	169874	1
chrUn_gl000211	0	166566	166566	1
chrUn_gl000213	0	164239	164239	1
chrUn_gl000220	0	161802	161802	1
chrUn_gl000218	0	161147	161147	1
chr19_gl000209_random	0	159169	159169	1
chrUn_gl000221	0	155397	155397	1
chrUn_gl000214	0	137718	137718	1
chrUn_gl000228	0	129120	129120	1
chrUn_gl000227	0	128374	128374	1
chr1_gl000191_random	0	106433	106433	1
chr19_gl000208_random	0	92689	92689	1
chr9_gl000198_random	0	90085	90085	1
chr17_gl000204_random	0	81310	81310	1
chrUn_gl000233	0	45941	45941	1
chrUn_gl000237	0	45867	45867	1
chrUn_gl000230	0	43691	43691	1
chrUn_gl000242	0	43523	43523	1
chrUn_gl000243	0	43341	43341	1
chrUn_gl000241	0	42152	42152	1
chrUn_gl000236	0	41934	41934	1
chrUn_gl000240	0	41933	41933	1
chr17_gl000206_random	0	41001	41001	1
chrUn_gl000232	0	40652	40652	1
chrUn_gl000234	0	40531	40531	1
chr11_gl000202_random	0	40103	40103	1
chrUn_gl000238	0	39939	39939	1
chrUn_gl000244	0	39929	39929	1
chrUn_gl000248	0	39786	39786	1
chr8_gl000196_random	0	38914	38914	1
chrUn_gl000249	0	38502	38502	1
chrUn_gl000246	0	38154	38154	1
chr17_gl000203_random	0	37498	37498	1
chr8_gl000197_random	0	37175	37175	1
chrUn_gl000245	0	36651	36651	1
chrUn_gl000247	0	36422	36422	1
chr9_gl000201_random	0	36148	36148	1
chrUn_gl000235	0	34474	34474	1
chrUn_gl000239	0	33824	33824	1
chr21_gl000210_random	0	27682	27682	1
chrUn_gl000231	0	27386	27386	1
chrUn_gl000229	0	19913	19913	1
chrUn_gl000226	0	15008	15008	1
chr18_gl000207_random	0	4262	4262	1
genome	0	3124631907	3137161264	0.996006
genome	1	12529357	3137161264	0.00399385



GSM1341956_NI_3.2500-5000_SORTED.bed.peak.txt
chr1	0	248315598	249250621	0.996249
chr1	1	935023	249250621	0.00375134
chr10	0	135416423	135534747	0.999127
chr10	1	118324	135534747	0.000873016
chr11	0	134710631	135006516	0.997808
chr11	1	295885	135006516	0.00219164
chr12	0	133666843	133851895	0.998617
chr12	1	185052	133851895	0.00138251
chr13	0	115072294	115169878	0.999153
chr13	1	97584	115169878	0.000847305
chr14	0	106914005	107349540	0.995943
chr14	1	435535	107349540	0.00405717
chr15	0	102498402	102531392	0.999678
chr15	1	32990	102531392	0.000321755
chr16	0	90098825	90354753	0.997168
chr16	1	255928	90354753	0.00283248
chr17	0	81012191	81195210	0.997746
chr17	1	183019	81195210	0.00225406
chr18	0	78005163	78077248	0.999077
chr18	1	72085	78077248	0.000923252
chr19	0	54815022	59128983	0.927042
chr19	1	4313961	59128983	0.0729585
chr2	0	243030190	243199373	0.999304
chr2	1	169183	243199373	0.000695656
chr20	0	62376013	63025520	0.989695
chr20	1	649507	63025520	0.0103055
chr21	0	47909992	48129895	0.995431
chr21	1	219903	48129895	0.00456895
chr22	0	51238553	51304566	0.998713
chr22	1	66013	51304566	0.00128669
chr3	0	197999323	198022430	0.999883
chr3	1	23107	198022430	0.000116689
chr4	0	190999372	191154276	0.99919
chr4	1	154904	191154276	0.000810361
chr5	0	180783961	180915260	0.999274
chr5	1	131299	180915260	0.000725749
chr6	0	170677906	171115067	0.997445
chr6	1	437161	171115067	0.00255478
chr7	0	158842819	159138663	0.998141
chr7	1	295844	159138663	0.00185903
chr8	0	146278735	146364022	0.999417
chr8	1	85287	146364022	0.000582705
chr9	0	141175158	141213431	0.999729
chr9	1	38273	141213431	0.000271029
chrM	0	16571	16571	1
chrX	0	155267076	155270560	0.999978
chrX	1	3484	155270560	2.24383e-05
chrY	0	59362660	59373566	0.999816
chrY	1	10906	59373566	0.000183684
chr6_ssto_hap7	0	4928567	4928567	1
chr6_mcf_hap5	0	4833398	4833398	1
chr6_cox_hap2	0	4795371	4795371	1
chr6_mann_hap4	0	4683263	4683263	1
chr6_apd_hap1	0	4622290	4622290	1
chr6_qbl_hap6	0	4611984	4611984	1
chr6_dbb_hap3	0	4610396	4610396	1
chr17_ctg5_hap1	0	1680828	1680828	1
chr4_ctg9_hap1	0	590426	590426	1
chr1_gl000192_random	0	547496	547496	1
chrUn_gl000225	0	211173	211173	1
chr4_gl000194_random	0	191469	191469	1
chr4_gl000193_random	0	189789	189789	1
chr9_gl000200_random	0	187035	187035	1
chrUn_gl000222	0	186861	186861	1
chrUn_gl000212	0	186858	186858	1
chr7_gl000195_random	0	182896	182896	1
chrUn_gl000223	0	180455	180455	1
chrUn_gl000224	0	179693	179693	1
chrUn_gl000219	0	179198	179198	1
chr17_gl000205_random	0	174588	174588	1
chrUn_gl000215	0	172545	172545	1
chrUn_gl000216	0	172294	172294	1
chrUn_gl000217	0	172149	172149	1
chr9_gl000199_random	0	169874	169874	1
chrUn_gl000211	0	166566	166566	1
chrUn_gl000213	0	164239	164239	1
chrUn_gl000220	0	161802	161802	1
chrUn_gl000218	0	161147	161147	1
chr19_gl000209_random	0	159169	159169	1
chrUn_gl000221	0	155397	155397	1
chrUn_gl000214	0	137718	137718	1
chrUn_gl000228	0	129120	129120	1
chrUn_gl000227	0	128374	128374	1
chr1_gl000191_random	0	106433	106433	1
chr19_gl000208_random	0	92689	92689	1
chr9_gl000198_random	0	90085	90085	1
chr17_gl000204_random	0	81310	81310	1
chrUn_gl000233	0	45941	45941	1
chrUn_gl000237	0	45867	45867	1
chrUn_gl000230	0	43691	43691	1
chrUn_gl000242	0	43523	43523	1
chrUn_gl000243	0	43341	43341	1
chrUn_gl000241	0	42152	42152	1
chrUn_gl000236	0	41934	41934	1
chrUn_gl000240	0	41933	41933	1
chr17_gl000206_random	0	41001	41001	1
chrUn_gl000232	0	40652	40652	1
chrUn_gl000234	0	40531	40531	1
chr11_gl000202_random	0	40103	40103	1
chrUn_gl000238	0	39939	39939	1
chrUn_gl000244	0	39929	39929	1
chrUn_gl000248	0	39786	39786	1
chr8_gl000196_random	0	38914	38914	1
chrUn_gl000249	0	38502	38502	1
chrUn_gl000246	0	38154	38154	1
chr17_gl000203_random	0	37498	37498	1
chr8_gl000197_random	0	37175	37175	1
chrUn_gl000245	0	36651	36651	1
chrUn_gl000247	0	36422	36422	1
chr9_gl000201_random	0	36148	36148	1
chrUn_gl000235	0	34474	34474	1
chrUn_gl000239	0	33824	33824	1
chr21_gl000210_random	0	27682	27682	1
chrUn_gl000231	0	27386	27386	1
chrUn_gl000229	0	19913	19913	1
chrUn_gl000226	0	15008	15008	1
chr18_gl000207_random	0	4262	4262	1
genome	0	3127951007	3137161264	0.997064
genome	1	9210257	3137161264	0.00293586



GSM1341957_6h.2500-5000_SORTED.bed.peak.txt
chr1	0	248251787	249250621	0.995993
chr1	1	998834	249250621	0.00400735
chr10	0	135241802	135534747	0.997839
chr10	1	292945	135534747	0.0021614
chr11	0	134449358	135006516	0.995873
chr11	1	557158	135006516	0.0041269
chr12	0	133567965	133851895	0.997879
chr12	1	283930	133851895	0.00212122
chr13	0	114795749	115169878	0.996751
chr13	1	374129	115169878	0.0032485
chr14	0	106754236	107349540	0.994455
chr14	1	595304	107349540	0.00554547
chr15	0	102419907	102531392	0.998913
chr15	1	111485	102531392	0.00108733
chr16	0	89982487	90354753	0.99588
chr16	1	372266	90354753	0.00412005
chr17	0	80633636	81195210	0.993084
chr17	1	561574	81195210	0.00691634
chr18	0	77859607	78077248	0.997213
chr18	1	217641	78077248	0.00278751
chr19	0	56124570	59128983	0.949189
chr19	1	3004413	59128983	0.0508112
chr2	0	242634333	243199373	0.997677
chr2	1	565040	243199373	0.00232336
chr20	0	62080689	63025520	0.985009
chr20	1	944831	63025520	0.0149912
chr21	0	47648492	48129895	0.989998
chr21	1	481403	48129895	0.0100022
chr22	0	51128951	51304566	0.996577
chr22	1	175615	51304566	0.00342299
chr3	0	197842891	198022430	0.999093
chr3	1	179539	198022430	0.00090666
chr4	0	190842617	191154276	0.99837
chr4	1	311659	191154276	0.00163041
chr5	0	180551013	180915260	0.997987
chr5	1	364247	180915260	0.00201336
chr6	0	170387337	171115067	0.995747
chr6	1	727730	171115067	0.00425287
chr7	0	158674534	159138663	0.997083
chr7	1	464129	159138663	0.00291651
chr8	0	146180934	146364022	0.998749
chr8	1	183088	146364022	0.00125091
chr9	0	140938741	141213431	0.998055
chr9	1	274690	141213431	0.00194521
chrM	0	16571	16571	1
chrX	0	155261583	155270560	0.999942
chrX	1	8977	155270560	5.78152e-05
chrY	0	59353912	59373566	0.999669
chrY	1	19654	59373566	0.000331023
chr6_ssto_hap7	0	4928567	4928567	1
chr6_mcf_hap5	0	4833398	4833398	1
chr6_cox_hap2	0	4795371	4795371	1
chr6_mann_hap4	0	4683263	4683263	1
chr6_apd_hap1	0	4622290	4622290	1
chr6_qbl_hap6	0	4611984	4611984	1
chr6_dbb_hap3	0	4610396	4610396	1
chr17_ctg5_hap1	0	1680828	1680828	1
chr4_ctg9_hap1	0	590426	590426	1
chr1_gl000192_random	0	547496	547496	1
chrUn_gl000225	0	211173	211173	1
chr4_gl000194_random	0	191469	191469	1
chr4_gl000193_random	0	189789	189789	1
chr9_gl000200_random	0	187035	187035	1
chrUn_gl000222	0	186861	186861	1
chrUn_gl000212	0	186858	186858	1
chr7_gl000195_random	0	182896	182896	1
chrUn_gl000223	0	180455	180455	1
chrUn_gl000224	0	179693	179693	1
chrUn_gl000219	0	179198	179198	1
chr17_gl000205_random	0	174588	174588	1
chrUn_gl000215	0	172545	172545	1
chrUn_gl000216	0	172294	172294	1
chrUn_gl000217	0	172149	172149	1
chr9_gl000199_random	0	169874	169874	1
chrUn_gl000211	0	166566	166566	1
chrUn_gl000213	0	164239	164239	1
chrUn_gl000220	0	161802	161802	1
chrUn_gl000218	0	161147	161147	1
chr19_gl000209_random	0	159169	159169	1
chrUn_gl000221	0	155397	155397	1
chrUn_gl000214	0	137718	137718	1
chrUn_gl000228	0	129120	129120	1
chrUn_gl000227	0	128374	128374	1
chr1_gl000191_random	0	106433	106433	1
chr19_gl000208_random	0	92689	92689	1
chr9_gl000198_random	0	90085	90085	1
chr17_gl000204_random	0	81310	81310	1
chrUn_gl000233	0	45941	45941	1
chrUn_gl000237	0	45867	45867	1
chrUn_gl000230	0	43691	43691	1
chrUn_gl000242	0	43523	43523	1
chrUn_gl000243	0	43341	43341	1
chrUn_gl000241	0	42152	42152	1
chrUn_gl000236	0	41934	41934	1
chrUn_gl000240	0	41933	41933	1
chr17_gl000206_random	0	41001	41001	1
chrUn_gl000232	0	40652	40652	1
chrUn_gl000234	0	40531	40531	1
chr11_gl000202_random	0	40103	40103	1
chrUn_gl000238	0	39939	39939	1
chrUn_gl000244	0	39929	39929	1
chrUn_gl000248	0	39786	39786	1
chr8_gl000196_random	0	38914	38914	1
chrUn_gl000249	0	38502	38502	1
chrUn_gl000246	0	38154	38154	1
chr17_gl000203_random	0	37498	37498	1
chr8_gl000197_random	0	37175	37175	1
chrUn_gl000245	0	36651	36651	1
chrUn_gl000247	0	36422	36422	1
chr9_gl000201_random	0	36148	36148	1
chrUn_gl000235	0	34474	34474	1
chrUn_gl000239	0	33824	33824	1
chr21_gl000210_random	0	27682	27682	1
chrUn_gl000231	0	27386	27386	1
chrUn_gl000229	0	19913	19913	1
chrUn_gl000226	0	15008	15008	1
chr18_gl000207_random	0	4262	4262	1
genome	0	3125090983	3137161264	0.996153
genome	1	12070281	3137161264	0.00384752



GSM1341958_6h_3.2500-5000_SORTED.bed.peak.txt
chr1	0	248479634	249250621	0.996907
chr1	1	770987	249250621	0.00309322
chr10	0	135400200	135534747	0.999007
chr10	1	134547	135534747	0.000992712
chr11	0	134597341	135006516	0.996969
chr11	1	409175	135006516	0.00303078
chr12	0	133632184	133851895	0.998359
chr12	1	219711	133851895	0.00164145
chr13	0	115031677	115169878	0.9988
chr13	1	138201	115169878	0.00119998
chr14	0	106983300	107349540	0.996588
chr14	1	366240	107349540	0.00341166
chr15	0	102501533	102531392	0.999709
chr15	1	29859	102531392	0.000291218
chr16	0	90091049	90354753	0.997081
chr16	1	263704	90354753	0.00291854
chr17	0	80887603	81195210	0.996212
chr17	1	307607	81195210	0.00378849
chr18	0	77986628	78077248	0.998839
chr18	1	90620	78077248	0.00116065
chr19	0	55802990	59128983	0.94375
chr19	1	3325993	59128983	0.0562498
chr2	0	242987708	243199373	0.99913
chr2	1	211665	243199373	0.000870335
chr20	0	62464757	63025520	0.991103
chr20	1	560763	63025520	0.0088974
chr21	0	47929012	48129895	0.995826
chr21	1	200883	48129895	0.00417377
chr22	0	51220128	51304566	0.998354
chr22	1	84438	51304566	0.00164582
chr3	0	197988485	198022430	0.999829
chr3	1	33945	198022430	0.00017142
chr4	0	190992686	191154276	0.999155
chr4	1	161590	191154276	0.000845338
chr5	0	180751235	180915260	0.999093
chr5	1	164025	180915260	0.00090664
chr6	0	170717162	171115067	0.997675
chr6	1	397905	171115067	0.00232537
chr7	0	158755711	159138663	0.997594
chr7	1	382952	159138663	0.0024064
chr8	0	146278313	146364022	0.999415
chr8	1	85709	146364022	0.000585588
chr9	0	141137839	141213431	0.999465
chr9	1	75592	141213431	0.000535303
chrM	0	16571	16571	1
chrX	0	155267533	155270560	0.999981
chrX	1	3027	155270560	1.9495e-05
chrY	0	59363016	59373566	0.999822
chrY	1	10550	59373566	0.000177688
chr6_ssto_hap7	0	4928567	4928567	1
chr6_mcf_hap5	0	4833398	4833398	1
chr6_cox_hap2	0	4795371	4795371	1
chr6_mann_hap4	0	4683263	4683263	1
chr6_apd_hap1	0	4622290	4622290	1
chr6_qbl_hap6	0	4611984	4611984	1
chr6_dbb_hap3	0	4610396	4610396	1
chr17_ctg5_hap1	0	1680828	1680828	1
chr4_ctg9_hap1	0	590426	590426	1
chr1_gl000192_random	0	547496	547496	1
chrUn_gl000225	0	211173	211173	1
chr4_gl000194_random	0	191469	191469	1
chr4_gl000193_random	0	189789	189789	1
chr9_gl000200_random	0	187035	187035	1
chrUn_gl000222	0	186861	186861	1
chrUn_gl000212	0	186858	186858	1
chr7_gl000195_random	0	182896	182896	1
chrUn_gl000223	0	180455	180455	1
chrUn_gl000224	0	179693	179693	1
chrUn_gl000219	0	179198	179198	1
chr17_gl000205_random	0	174588	174588	1
chrUn_gl000215	0	172545	172545	1
chrUn_gl000216	0	172294	172294	1
chrUn_gl000217	0	172149	172149	1
chr9_gl000199_random	0	169874	169874	1
chrUn_gl000211	0	166566	166566	1
chrUn_gl000213	0	164239	164239	1
chrUn_gl000220	0	161802	161802	1
chrUn_gl000218	0	161147	161147	1
chr19_gl000209_random	0	159169	159169	1
chrUn_gl000221	0	155397	155397	1
chrUn_gl000214	0	137718	137718	1
chrUn_gl000228	0	129120	129120	1
chrUn_gl000227	0	128374	128374	1
chr1_gl000191_random	0	106433	106433	1
chr19_gl000208_random	0	92689	92689	1
chr9_gl000198_random	0	90085	90085	1
chr17_gl000204_random	0	81310	81310	1
chrUn_gl000233	0	45941	45941	1
chrUn_gl000237	0	45867	45867	1
chrUn_gl000230	0	43691	43691	1
chrUn_gl000242	0	43523	43523	1
chrUn_gl000243	0	43341	43341	1
chrUn_gl000241	0	42152	42152	1
chrUn_gl000236	0	41934	41934	1
chrUn_gl000240	0	41933	41933	1
chr17_gl000206_random	0	41001	41001	1
chrUn_gl000232	0	40652	40652	1
chrUn_gl000234	0	40531	40531	1
chr11_gl000202_random	0	40103	40103	1
chrUn_gl000238	0	39939	39939	1
chrUn_gl000244	0	39929	39929	1
chrUn_gl000248	0	39786	39786	1
chr8_gl000196_random	0	38914	38914	1
chrUn_gl000249	0	38502	38502	1
chrUn_gl000246	0	38154	38154	1
chr17_gl000203_random	0	37498	37498	1
chr8_gl000197_random	0	37175	37175	1
chrUn_gl000245	0	36651	36651	1
chrUn_gl000247	0	36422	36422	1
chr9_gl000201_random	0	36148	36148	1
chrUn_gl000235	0	34474	34474	1
chrUn_gl000239	0	33824	33824	1
chr21_gl000210_random	0	27682	27682	1
chrUn_gl000231	0	27386	27386	1
chrUn_gl000229	0	19913	19913	1
chrUn_gl000226	0	15008	15008	1
chr18_gl000207_random	0	4262	4262	1
genome	0	3128731576	3137161264	0.997313
genome	1	8429688	3137161264	0.00268704



GSM1341959_18h.2500-5000_SORTED.bed.peak.txt
chr1	0	248079000	249250621	0.995299
chr1	1	1171621	249250621	0.00470057
chr10	0	135206638	135534747	0.997579
chr10	1	328109	135534747	0.00242085
chr11	0	134372176	135006516	0.995301
chr11	1	634340	135006516	0.00469859
chr12	0	133556507	133851895	0.997793
chr12	1	295388	133851895	0.00220683
chr13	0	114719903	115169878	0.996093
chr13	1	449975	115169878	0.00390705
chr14	0	106559296	107349540	0.992639
chr14	1	790244	107349540	0.00736141
chr15	0	102387393	102531392	0.998596
chr15	1	143999	102531392	0.00140444
chr16	0	89883904	90354753	0.994789
chr16	1	470849	90354753	0.00521111
chr17	0	80534495	81195210	0.991863
chr17	1	660715	81195210	0.00813736
chr18	0	77914387	78077248	0.997914
chr18	1	162861	78077248	0.0020859
chr19	0	56209039	59128983	0.950617
chr19	1	2919944	59128983	0.0493826
chr2	0	242601084	243199373	0.99754
chr2	1	598289	243199373	0.00246008
chr20	0	61862197	63025520	0.981542
chr20	1	1163323	63025520	0.018458
chr21	0	47729038	48129895	0.991671
chr21	1	400857	48129895	0.00832865
chr22	0	51113275	51304566	0.996271
chr22	1	191291	51304566	0.00372854
chr3	0	197854742	198022430	0.999153
chr3	1	167688	198022430	0.000846813
chr4	0	190821506	191154276	0.998259
chr4	1	332770	191154276	0.00174085
chr5	0	180432444	180915260	0.997331
chr5	1	482816	180915260	0.00266874
chr6	0	170155785	171115067	0.994394
chr6	1	959282	171115067	0.00560606
chr7	0	158556088	159138663	0.996339
chr7	1	582575	159138663	0.0036608
chr8	0	146038746	146364022	0.997778
chr8	1	325276	146364022	0.00222238
chr9	0	140925544	141213431	0.997961
chr9	1	287887	141213431	0.00203867
chrM	0	16571	16571	1
chrX	0	155246165	155270560	0.999843
chrX	1	24395	155270560	0.000157113
chrY	0	59365359	59373566	0.999862
chrY	1	8207	59373566	0.000138226
chr6_ssto_hap7	0	4928567	4928567	1
chr6_mcf_hap5	0	4833398	4833398	1
chr6_cox_hap2	0	4795371	4795371	1
chr6_mann_hap4	0	4683263	4683263	1
chr6_apd_hap1	0	4622290	4622290	1
chr6_qbl_hap6	0	4611984	4611984	1
chr6_dbb_hap3	0	4610396	4610396	1
chr17_ctg5_hap1	0	1680828	1680828	1
chr4_ctg9_hap1	0	590426	590426	1
chr1_gl000192_random	0	547496	547496	1
chrUn_gl000225	0	211173	211173	1
chr4_gl000194_random	0	191469	191469	1
chr4_gl000193_random	0	189789	189789	1
chr9_gl000200_random	0	187035	187035	1
chrUn_gl000222	0	186861	186861	1
chrUn_gl000212	0	186858	186858	1
chr7_gl000195_random	0	182896	182896	1
chrUn_gl000223	0	180455	180455	1
chrUn_gl000224	0	179693	179693	1
chrUn_gl000219	0	179198	179198	1
chr17_gl000205_random	0	174588	174588	1
chrUn_gl000215	0	172545	172545	1
chrUn_gl000216	0	172294	172294	1
chrUn_gl000217	0	172149	172149	1
chr9_gl000199_random	0	169874	169874	1
chrUn_gl000211	0	166566	166566	1
chrUn_gl000213	0	164239	164239	1
chrUn_gl000220	0	161802	161802	1
chrUn_gl000218	0	161147	161147	1
chr19_gl000209_random	0	159169	159169	1
chrUn_gl000221	0	155397	155397	1
chrUn_gl000214	0	137718	137718	1
chrUn_gl000228	0	129120	129120	1
chrUn_gl000227	0	128374	128374	1
chr1_gl000191_random	0	106433	106433	1
chr19_gl000208_random	0	92689	92689	1
chr9_gl000198_random	0	90085	90085	1
chr17_gl000204_random	0	81310	81310	1
chrUn_gl000233	0	45941	45941	1
chrUn_gl000237	0	45867	45867	1
chrUn_gl000230	0	43691	43691	1
chrUn_gl000242	0	43523	43523	1
chrUn_gl000243	0	43341	43341	1
chrUn_gl000241	0	42152	42152	1
chrUn_gl000236	0	41934	41934	1
chrUn_gl000240	0	41933	41933	1
chr17_gl000206_random	0	41001	41001	1
chrUn_gl000232	0	40652	40652	1
chrUn_gl000234	0	40531	40531	1
chr11_gl000202_random	0	40103	40103	1
chrUn_gl000238	0	39939	39939	1
chrUn_gl000244	0	39929	39929	1
chrUn_gl000248	0	39786	39786	1
chr8_gl000196_random	0	38914	38914	1
chrUn_gl000249	0	38502	38502	1
chrUn_gl000246	0	38154	38154	1
chr17_gl000203_random	0	37498	37498	1
chr8_gl000197_random	0	37175	37175	1
chrUn_gl000245	0	36651	36651	1
chrUn_gl000247	0	36422	36422	1
chr9_gl000201_random	0	36148	36148	1
chrUn_gl000235	0	34474	34474	1
chrUn_gl000239	0	33824	33824	1
chr21_gl000210_random	0	27682	27682	1
chrUn_gl000231	0	27386	27386	1
chrUn_gl000229	0	19913	19913	1
chrUn_gl000226	0	15008	15008	1
chr18_gl000207_random	0	4262	4262	1
genome	0	3123608563	3137161264	0.99568
genome	1	13552701	3137161264	0.00432005



GSM1341960_18h_3.2500-5000_SORTED.bed.peak.txt
chr1	0	248248863	249250621	0.995981
chr1	1	1001758	249250621	0.00401908
chr10	0	134693551	135534747	0.993793
chr10	1	841196	135534747	0.0062065
chr11	0	134166013	135006516	0.993774
chr11	1	840503	135006516	0.00622565
chr12	0	133416585	133851895	0.996748
chr12	1	435310	133851895	0.00325218
chr13	0	114647737	115169878	0.995466
chr13	1	522141	115169878	0.00453366
chr14	0	106641711	107349540	0.993406
chr14	1	707829	107349540	0.00659368
chr15	0	102121846	102531392	0.996006
chr15	1	409546	102531392	0.00399435
chr16	0	89697781	90354753	0.992729
chr16	1	656972	90354753	0.00727103
chr17	0	80234996	81195210	0.988174
chr17	1	960214	81195210	0.011826
chr18	0	77632840	78077248	0.994308
chr18	1	444408	78077248	0.0056919
chr19	0	56483587	59128983	0.955261
chr19	1	2645396	59128983	0.0447394
chr2	0	242282739	243199373	0.996231
chr2	1	916634	243199373	0.00376906
chr20	0	61690910	63025520	0.978824
chr20	1	1334610	63025520	0.0211757
chr21	0	47487662	48129895	0.986656
chr21	1	642233	48129895	0.0133437
chr22	0	51033120	51304566	0.994709
chr22	1	271446	51304566	0.00529087
chr3	0	197637166	198022430	0.998054
chr3	1	385264	198022430	0.00194556
chr4	0	190586836	191154276	0.997032
chr4	1	567440	191154276	0.00296849
chr5	0	180122069	180915260	0.995616
chr5	1	793191	180915260	0.00438432
chr6	0	169511270	171115067	0.990627
chr6	1	1603797	171115067	0.00937262
chr7	0	158216808	159138663	0.994207
chr7	1	921855	159138663	0.00579278
chr8	0	145957400	146364022	0.997222
chr8	1	406622	146364022	0.00277816
chr9	0	140585674	141213431	0.995555
chr9	1	627757	141213431	0.00444545
chrM	0	16571	16571	1
chrX	0	155051460	155270560	0.998589
chrX	1	219100	155270560	0.00141109
chrY	0	59359963	59373566	0.999771
chrY	1	13603	59373566	0.000229109
chr6_ssto_hap7	0	4928567	4928567	1
chr6_mcf_hap5	0	4833398	4833398	1
chr6_cox_hap2	0	4795371	4795371	1
chr6_mann_hap4	0	4683263	4683263	1
chr6_apd_hap1	0	4622290	4622290	1
chr6_qbl_hap6	0	4611984	4611984	1
chr6_dbb_hap3	0	4610396	4610396	1
chr17_ctg5_hap1	0	1680828	1680828	1
chr4_ctg9_hap1	0	590426	590426	1
chr1_gl000192_random	0	547496	547496	1
chrUn_gl000225	0	211173	211173	1
chr4_gl000194_random	0	191469	191469	1
chr4_gl000193_random	0	189789	189789	1
chr9_gl000200_random	0	187035	187035	1
chrUn_gl000222	0	186861	186861	1
chrUn_gl000212	0	186858	186858	1
chr7_gl000195_random	0	182896	182896	1
chrUn_gl000223	0	180455	180455	1
chrUn_gl000224	0	179693	179693	1
chrUn_gl000219	0	179198	179198	1
chr17_gl000205_random	0	174588	174588	1
chrUn_gl000215	0	172545	172545	1
chrUn_gl000216	0	172294	172294	1
chrUn_gl000217	0	172149	172149	1
chr9_gl000199_random	0	169874	169874	1
chrUn_gl000211	0	166566	166566	1
chrUn_gl000213	0	164239	164239	1
chrUn_gl000220	0	161802	161802	1
chrUn_gl000218	0	161147	161147	1
chr19_gl000209_random	0	159169	159169	1
chrUn_gl000221	0	155397	155397	1
chrUn_gl000214	0	137718	137718	1
chrUn_gl000228	0	129120	129120	1
chrUn_gl000227	0	128374	128374	1
chr1_gl000191_random	0	106433	106433	1
chr19_gl000208_random	0	92689	92689	1
chr9_gl000198_random	0	90085	90085	1
chr17_gl000204_random	0	81310	81310	1
chrUn_gl000233	0	45941	45941	1
chrUn_gl000237	0	45867	45867	1
chrUn_gl000230	0	43691	43691	1
chrUn_gl000242	0	43523	43523	1
chrUn_gl000243	0	43341	43341	1
chrUn_gl000241	0	42152	42152	1
chrUn_gl000236	0	41934	41934	1
chrUn_gl000240	0	41933	41933	1
chr17_gl000206_random	0	41001	41001	1
chrUn_gl000232	0	40652	40652	1
chrUn_gl000234	0	40531	40531	1
chr11_gl000202_random	0	40103	40103	1
chrUn_gl000238	0	39939	39939	1
chrUn_gl000244	0	39929	39929	1
chrUn_gl000248	0	39786	39786	1
chr8_gl000196_random	0	38914	38914	1
chrUn_gl000249	0	38502	38502	1
chrUn_gl000246	0	38154	38154	1
chr17_gl000203_random	0	37498	37498	1
chr8_gl000197_random	0	37175	37175	1
chrUn_gl000245	0	36651	36651	1
chrUn_gl000247	0	36422	36422	1
chr9_gl000201_random	0	36148	36148	1
chrUn_gl000235	0	34474	34474	1
chrUn_gl000239	0	33824	33824	1
chr21_gl000210_random	0	27682	27682	1
chrUn_gl000231	0	27386	27386	1
chrUn_gl000229	0	19913	19913	1
chrUn_gl000226	0	15008	15008	1
chr18_gl000207_random	0	4262	4262	1
genome	0	3118992439	3137161264	0.994209
genome	1	18168825	3137161264	0.00579149



GSM1341961_IR.2500-5000_SORTED.bed.peak.txt
chr1	0	248500413	249250621	0.99699
chr1	1	750208	249250621	0.00300985
chr10	0	135470993	135534747	0.99953
chr10	1	63754	135534747	0.000470389
chr11	0	134848108	135006516	0.998827
chr11	1	158408	135006516	0.00117334
chr12	0	133717990	133851895	0.999
chr12	1	133905	133851895	0.0010004
chr13	0	115072157	115169878	0.999152
chr13	1	97721	115169878	0.000848494
chr14	0	107054033	107349540	0.997247
chr14	1	295507	107349540	0.00275276
chr15	0	102529850	102531392	0.999985
chr15	1	1542	102531392	1.50393e-05
chr16	0	90308355	90354753	0.999486
chr16	1	46398	90354753	0.000513509
chr17	0	81143308	81195210	0.999361
chr17	1	51902	81195210	0.000639225
chr18	0	78068284	78077248	0.999885
chr18	1	8964	78077248	0.000114809
chr19	0	58143700	59128983	0.983337
chr19	1	985283	59128983	0.0166633
chr2	0	243075984	243199373	0.999493
chr2	1	123389	243199373	0.000507357
chr20	0	62667759	63025520	0.994324
chr20	1	357761	63025520	0.00567645
chr21	0	48036580	48129895	0.998061
chr21	1	93315	48129895	0.00193882
chr22	0	51290005	51304566	0.999716
chr22	1	14561	51304566	0.000283815
chr3	0	198020327	198022430	0.999989
chr3	1	2103	198022430	1.062e-05
chr4	0	191112107	191154276	0.999779
chr4	1	42169	191154276	0.000220602
chr5	0	180880234	180915260	0.999806
chr5	1	35026	180915260	0.000193604
chr6	0	170804413	171115067	0.998185
chr6	1	310654	171115067	0.00181547
chr7	0	158922861	159138663	0.998644
chr7	1	215802	159138663	0.00135606
chr8	0	146330753	146364022	0.999773
chr8	1	33269	146364022	0.000227303
chr9	0	141200147	141213431	0.999906
chr9	1	13284	141213431	9.40704e-05
chrM	0	16571	16571	1
chrX	0	155266869	155270560	0.999976
chrX	1	3691	155270560	2.37714e-05
chrY	0	59365510	59373566	0.999864
chrY	1	8056	59373566	0.000135683
chr6_ssto_hap7	0	4928567	4928567	1
chr6_mcf_hap5	0	4833398	4833398	1
chr6_cox_hap2	0	4795371	4795371	1
chr6_mann_hap4	0	4683263	4683263	1
chr6_apd_hap1	0	4622290	4622290	1
chr6_qbl_hap6	0	4611984	4611984	1
chr6_dbb_hap3	0	4610396	4610396	1
chr17_ctg5_hap1	0	1680828	1680828	1
chr4_ctg9_hap1	0	590426	590426	1
chr1_gl000192_random	0	547496	547496	1
chrUn_gl000225	0	211173	211173	1
chr4_gl000194_random	0	191469	191469	1
chr4_gl000193_random	0	189789	189789	1
chr9_gl000200_random	0	187035	187035	1
chrUn_gl000222	0	186861	186861	1
chrUn_gl000212	0	186858	186858	1
chr7_gl000195_random	0	182896	182896	1
chrUn_gl000223	0	180455	180455	1
chrUn_gl000224	0	179693	179693	1
chrUn_gl000219	0	179198	179198	1
chr17_gl000205_random	0	174588	174588	1
chrUn_gl000215	0	172545	172545	1
chrUn_gl000216	0	172294	172294	1
chrUn_gl000217	0	172149	172149	1
chr9_gl000199_random	0	169874	169874	1
chrUn_gl000211	0	166566	166566	1
chrUn_gl000213	0	164239	164239	1
chrUn_gl000220	0	161802	161802	1
chrUn_gl000218	0	161147	161147	1
chr19_gl000209_random	0	159169	159169	1
chrUn_gl000221	0	155397	155397	1
chrUn_gl000214	0	137718	137718	1
chrUn_gl000228	0	129120	129120	1
chrUn_gl000227	0	128374	128374	1
chr1_gl000191_random	0	106433	106433	1
chr19_gl000208_random	0	92689	92689	1
chr9_gl000198_random	0	90085	90085	1
chr17_gl000204_random	0	81310	81310	1
chrUn_gl000233	0	45941	45941	1
chrUn_gl000237	0	45867	45867	1
chrUn_gl000230	0	43691	43691	1
chrUn_gl000242	0	43523	43523	1
chrUn_gl000243	0	43341	43341	1
chrUn_gl000241	0	42152	42152	1
chrUn_gl000236	0	41934	41934	1
chrUn_gl000240	0	41933	41933	1
chr17_gl000206_random	0	41001	41001	1
chrUn_gl000232	0	40652	40652	1
chrUn_gl000234	0	40531	40531	1
chr11_gl000202_random	0	40103	40103	1
chrUn_gl000238	0	39939	39939	1
chrUn_gl000244	0	39929	39929	1
chrUn_gl000248	0	39786	39786	1
chr8_gl000196_random	0	38914	38914	1
chrUn_gl000249	0	38502	38502	1
chrUn_gl000246	0	38154	38154	1
chr17_gl000203_random	0	37498	37498	1
chr8_gl000197_random	0	37175	37175	1
chrUn_gl000245	0	36651	36651	1
chrUn_gl000247	0	36422	36422	1
chr9_gl000201_random	0	36148	36148	1
chrUn_gl000235	0	34474	34474	1
chrUn_gl000239	0	33824	33824	1
chr21_gl000210_random	0	27682	27682	1
chrUn_gl000231	0	27386	27386	1
chrUn_gl000229	0	19913	19913	1
chrUn_gl000226	0	15008	15008	1
chr18_gl000207_random	0	4262	4262	1
genome	0	3133314592	3137161264	0.998774
genome	1	3846672	3137161264	0.00122616



GSM1341962_IR_3.2500-5000_SORTED.bed.peak.txt
chr1	0	248717666	249250621	0.997862
chr1	1	532955	249250621	0.00213823
chr10	0	135477274	135534747	0.999576
chr10	1	57473	135534747	0.000424046
chr11	0	134999578	135006516	0.999949
chr11	1	6938	135006516	5.13901e-05
chr12	0	133830942	133851895	0.999843
chr12	1	20953	133851895	0.000156539
chr13	0	115162392	115169878	0.999935
chr13	1	7486	115169878	6.49996e-05
chr14	0	107173662	107349540	0.998362
chr14	1	175878	107349540	0.00163837
chr15	0	102530215	102531392	0.999989
chr15	1	1177	102531392	1.14794e-05
chr16	0	90313669	90354753	0.999545
chr16	1	41084	90354753	0.000454697
chr17	0	81163070	81195210	0.999604
chr17	1	32140	81195210	0.000395836
chr18	0	78072239	78077248	0.999936
chr18	1	5009	78077248	6.41544e-05
chr19	0	57542637	59128983	0.973171
chr19	1	1586346	59128983	0.0268286
chr2	0	243165240	243199373	0.99986
chr2	1	34133	243199373	0.00014035
chr20	0	62738776	63025520	0.99545
chr20	1	286744	63025520	0.00454965
chr21	0	48019298	48129895	0.997702
chr21	1	110597	48129895	0.00229789
chr4	0	191124189	191154276	0.999843
chr4	1	30087	191154276	0.000157396
chr5	0	180909843	180915260	0.99997
chr5	1	5417	180915260	2.99422e-05
chr6	0	171010330	171115067	0.999388
chr6	1	104737	171115067	0.000612085
chr7	0	159127431	159138663	0.999929
chr7	1	11232	159138663	7.058e-05
chr8	0	146341093	146364022	0.999843
chr8	1	22929	146364022	0.000156657
chr9	0	141203250	141213431	0.999928
chr9	1	10181	141213431	7.20965e-05
chrM	0	16571	16571	1
chrX	0	155267605	155270560	0.999981
chrX	1	2955	155270560	1.90313e-05
chrY	0	59364013	59373566	0.999839
chrY	1	9553	59373566	0.000160897
chr3	0	198022430	198022430	1
chr22	0	51304566	51304566	1
chr6_ssto_hap7	0	4928567	4928567	1
chr6_mcf_hap5	0	4833398	4833398	1
chr6_cox_hap2	0	4795371	4795371	1
chr6_mann_hap4	0	4683263	4683263	1
chr6_apd_hap1	0	4622290	4622290	1
chr6_qbl_hap6	0	4611984	4611984	1
chr6_dbb_hap3	0	4610396	4610396	1
chr17_ctg5_hap1	0	1680828	1680828	1
chr4_ctg9_hap1	0	590426	590426	1
chr1_gl000192_random	0	547496	547496	1
chrUn_gl000225	0	211173	211173	1
chr4_gl000194_random	0	191469	191469	1
chr4_gl000193_random	0	189789	189789	1
chr9_gl000200_random	0	187035	187035	1
chrUn_gl000222	0	186861	186861	1
chrUn_gl000212	0	186858	186858	1
chr7_gl000195_random	0	182896	182896	1
chrUn_gl000223	0	180455	180455	1
chrUn_gl000224	0	179693	179693	1
chrUn_gl000219	0	179198	179198	1
chr17_gl000205_random	0	174588	174588	1
chrUn_gl000215	0	172545	172545	1
chrUn_gl000216	0	172294	172294	1
chrUn_gl000217	0	172149	172149	1
chr9_gl000199_random	0	169874	169874	1
chrUn_gl000211	0	166566	166566	1
chrUn_gl000213	0	164239	164239	1
chrUn_gl000220	0	161802	161802	1
chrUn_gl000218	0	161147	161147	1
chr19_gl000209_random	0	159169	159169	1
chrUn_gl000221	0	155397	155397	1
chrUn_gl000214	0	137718	137718	1
chrUn_gl000228	0	129120	129120	1
chrUn_gl000227	0	128374	128374	1
chr1_gl000191_random	0	106433	106433	1
chr19_gl000208_random	0	92689	92689	1
chr9_gl000198_random	0	90085	90085	1
chr17_gl000204_random	0	81310	81310	1
chrUn_gl000233	0	45941	45941	1
chrUn_gl000237	0	45867	45867	1
chrUn_gl000230	0	43691	43691	1
chrUn_gl000242	0	43523	43523	1
chrUn_gl000243	0	43341	43341	1
chrUn_gl000241	0	42152	42152	1
chrUn_gl000236	0	41934	41934	1
chrUn_gl000240	0	41933	41933	1
chr17_gl000206_random	0	41001	41001	1
chrUn_gl000232	0	40652	40652	1
chrUn_gl000234	0	40531	40531	1
chr11_gl000202_random	0	40103	40103	1
chrUn_gl000238	0	39939	39939	1
chrUn_gl000244	0	39929	39929	1
chrUn_gl000248	0	39786	39786	1
chr8_gl000196_random	0	38914	38914	1
chrUn_gl000249	0	38502	38502	1
chrUn_gl000246	0	38154	38154	1
chr17_gl000203_random	0	37498	37498	1
chr8_gl000197_random	0	37175	37175	1
chrUn_gl000245	0	36651	36651	1
chrUn_gl000247	0	36422	36422	1
chr9_gl000201_random	0	36148	36148	1
chrUn_gl000235	0	34474	34474	1
chrUn_gl000239	0	33824	33824	1
chr21_gl000210_random	0	27682	27682	1
chrUn_gl000231	0	27386	27386	1
chrUn_gl000229	0	19913	19913	1
chrUn_gl000226	0	15008	15008	1
chr18_gl000207_random	0	4262	4262	1
genome	0	3134065260	3137161264	0.999013
genome	1	3096004	3137161264	0.000986881



GSM1382415_H2AX_MCF7_wz_vehicle_290_treat_afterfiting_all_SORTED.bed
chr1	0	215914719	249250621	0.866255
chr1	1	33335902	249250621	0.133745
chr10	0	115954394	135534747	0.855533
chr10	1	19580353	135534747	0.144467
chr11	0	114586328	135006516	0.848747
chr11	1	20420188	135006516	0.151253
chr12	0	113004987	133851895	0.844254
chr12	1	20846908	133851895	0.155746
chr13	0	104262294	115169878	0.905291
chr13	1	10907584	115169878	0.0947087
chr14	0	94742744	107349540	0.882563
chr14	1	12606796	107349540	0.117437
chr15	0	89957138	102531392	0.877362
chr15	1	12574254	102531392	0.122638
chr16	0	77794981	90354753	0.860995
chr16	1	12559772	90354753	0.139005
chr17	0	66920268	81195210	0.82419
chr17	1	14274942	81195210	0.17581
chr18	0	68212341	78077248	0.873652
chr18	1	9864907	78077248	0.126348
chr19	0	50848717	59128983	0.859963
chr19	1	8280266	59128983	0.140037
chr2	0	207970945	243199373	0.855146
chr2	1	35228428	243199373	0.144854
chr20	0	51432161	63025520	0.816053
chr20	1	11593359	63025520	0.183947
chr21	0	42787334	48129895	0.888997
chr21	1	5342561	48129895	0.111003
chr22	0	45970377	51304566	0.896029
chr22	1	5334189	51304566	0.103971
chr3	0	174068164	198022430	0.879033
chr3	1	23954266	198022430	0.120967
chr4	0	168945784	191154276	0.883819
chr4	1	22208492	191154276	0.116181
chr5	0	156110746	180915260	0.862894
chr5	1	24804514	180915260	0.137106
chr6	0	148873804	171115067	0.870022
chr6	1	22241263	171115067	0.129978
chr7	0	137247961	159138663	0.862443
chr7	1	21890702	159138663	0.137557
chr8	0	126125013	146364022	0.861721
chr8	1	20239009	146364022	0.138279
chr9	0	123340157	141213431	0.873431
chr9	1	17873274	141213431	0.126569



GSM1382416_H2AX_MCF7_wz_E2_treat_afterfiting_all_SORTED.bed
chr1	0	189284877	249250621	0.759416
chr1	1	59965744	249250621	0.240584
chr10	0	100030061	135534747	0.73804
chr10	1	35504686	135534747	0.26196
chr11	0	100657199	135006516	0.745573
chr11	1	34349317	135006516	0.254427
chr12	0	96772696	133851895	0.722983
chr12	1	37079199	133851895	0.277017
chr13	0	93486492	115169878	0.811727
chr13	1	21683386	115169878	0.188273
chr14	0	84383461	107349540	0.786063
chr14	1	22966079	107349540	0.213937
chr15	0	80333196	102531392	0.783499
chr15	1	22198196	102531392	0.216501
chr16	0	69221708	90354753	0.76611
chr16	1	21133045	90354753	0.23389
chr17	0	57693438	81195210	0.710552
chr17	1	23501772	81195210	0.289448
chr18	0	59804072	78077248	0.76596
chr18	1	18273176	78077248	0.23404
chr19	0	46218697	59128983	0.781659
chr19	1	12910286	59128983	0.218341
chr2	0	178120900	243199373	0.732407
chr2	1	65078473	243199373	0.267593
chr20	0	44309665	63025520	0.703043
chr20	1	18715855	63025520	0.296957
chr21	0	38565767	48129895	0.801285
chr21	1	9564128	48129895	0.198715
chr22	0	42342697	51304566	0.82532
chr22	1	8961869	51304566	0.17468
chr3	0	151981707	198022430	0.767497
chr3	1	46040723	198022430	0.232503
chr4	0	147678078	191154276	0.77256
chr4	1	43476198	191154276	0.22744
chr5	0	134841336	180915260	0.745329
chr5	1	46073924	180915260	0.254671
chr6	0	129110743	171115067	0.754526
chr6	1	42004324	171115067	0.245474
chr7	0	119130699	159138663	0.748597
chr7	1	40007964	159138663	0.251403
chr8	0	109190952	146364022	0.746023
chr8	1	37173070	146364022	0.253977
chr9	0	109495911	141213431	0.775393
chr9	1	31717520	141213431	0.224607



GSM1382417_H2AX_MCF7_wz_vehicle_H202_treat_afterfiting_all_SORTED.bed
chr1	0	208667532	249250621	0.83718
chr1	1	40583089	249250621	0.16282
chr10	0	111487041	135534747	0.822572
chr10	1	24047706	135534747	0.177428
chr11	0	111017963	135006516	0.822316
chr11	1	23988553	135006516	0.177684
chr12	0	108435663	133851895	0.810117
chr12	1	25416232	133851895	0.189883
chr13	0	101452868	115169878	0.880898
chr13	1	13717010	115169878	0.119102
chr14	0	91715593	107349540	0.854364
chr14	1	15633947	107349540	0.145636
chr15	0	87365936	102531392	0.85209
chr15	1	15165456	102531392	0.14791
chr16	0	75306978	90354753	0.833459
chr16	1	15047775	90354753	0.166541
chr17	0	64479620	81195210	0.794131
chr17	1	16715590	81195210	0.205869
chr18	0	66215356	78077248	0.848075
chr18	1	11861892	78077248	0.151925
chr19	0	49943792	59128983	0.844658
chr19	1	9185191	59128983	0.155342
chr2	0	200091082	243199373	0.822745
chr2	1	43108291	243199373	0.177255
chr20	0	49022750	63025520	0.777824
chr20	1	14002770	63025520	0.222176
chr21	0	41814453	48129895	0.868783
chr21	1	6315442	48129895	0.131217
chr22	0	45162562	51304566	0.880283
chr22	1	6142004	51304566	0.119717
chr3	0	166970512	198022430	0.84319
chr3	1	31051918	198022430	0.15681
chr4	0	163809603	191154276	0.85695
chr4	1	27344673	191154276	0.14305
chr5	0	150326676	180915260	0.830923
chr5	1	30588584	180915260	0.169077
chr6	0	143567536	171115067	0.839012
chr6	1	27547531	171115067	0.160988
chr7	0	132391050	159138663	0.831923
chr7	1	26747613	159138663	0.168077
chr8	0	121115841	146364022	0.827497
chr8	1	25248181	146364022	0.172503
chr9	0	119133704	141213431	0.843643
chr9	1	22079727	141213431	0.156357



GSM1382418_H2AX_MCF7_wz_E2_H202_treat_afterfiting_all_SORTED.bed
chr1	0	191290564	249250621	0.767463
chr1	1	57960057	249250621	0.232537
chr10	0	100616120	135534747	0.742364
chr10	1	34918627	135534747	0.257636
chr11	0	101648532	135006516	0.752916
chr11	1	33357984	135006516	0.247084
chr12	0	97932562	133851895	0.731649
chr12	1	35919333	133851895	0.268351
chr13	0	94382245	115169878	0.819505
chr13	1	20787633	115169878	0.180495
chr14	0	84405307	107349540	0.786266
chr14	1	22944233	107349540	0.213734
chr15	0	80814523	102531392	0.788193
chr15	1	21716869	102531392	0.211807
chr16	0	68965808	90354753	0.763278
chr16	1	21388945	90354753	0.236722
chr17	0	58285567	81195210	0.717845
chr17	1	22909643	81195210	0.282155
chr18	0	60639963	78077248	0.776666
chr18	1	17437285	78077248	0.223334
chr19	0	46464437	59128983	0.785815
chr19	1	12664546	59128983	0.214185
chr2	0	180563990	243199373	0.742453
chr2	1	62635383	243199373	0.257547
chr20	0	44080936	63025520	0.699414
chr20	1	18944584	63025520	0.300586
chr21	0	38925406	48129895	0.808757
chr21	1	9204489	48129895	0.191243
chr22	0	42567513	51304566	0.829702
chr22	1	8737053	51304566	0.170298
chr3	0	151799910	198022430	0.766579
chr3	1	46222520	198022430	0.233421
chr4	0	150184208	191154276	0.78567
chr4	1	40970068	191154276	0.21433
chr5	0	136301977	180915260	0.753402
chr5	1	44613283	180915260	0.246598
chr6	0	130453331	171115067	0.762372
chr6	1	40661736	171115067	0.237628
chr7	0	120216354	159138663	0.755419
chr7	1	38922309	159138663	0.244581
chr8	0	109634654	146364022	0.749055
chr8	1	36729368	146364022	0.250945
chr9	0	109670828	141213431	0.776632
chr9	1	31542603	141213431	0.223368



GSM628530_cd4_h2a_liftedto19_SORTED.bed
chr1	0	155290740	249250621	0.62303
chr1	1	93959881	249250621	0.376969
chr10	0	77817193	135534747	0.574149
chr10	1	57717554	135534747	0.425851
chr11	0	78828203	135006516	0.583884
chr11	1	56178313	135006516	0.416116
chr11_gl000202_random	0	30054	40103	0.74942
chr11_gl000202_random	1	10049	40103	0.25058
chr12	0	79486857	133851895	0.593842
chr12	1	54365038	133851895	0.406158
chr13	0	72730268	115169878	0.631504
chr13	1	42439610	115169878	0.368496
chr14	0	69579927	107349540	0.648162
chr14	1	37769613	107349540	0.351838
chr15	0	67856669	102531392	0.661814
chr15	1	34674723	102531392	0.338186
chr16	0	56783163	90354753	0.628447
chr16	1	33571590	90354753	0.371553
chr17	0	47360608	81195210	0.583293
chr17	1	33834602	81195210	0.416707
chr17_gl000203_random	0	26849	37498	0.716012
chr17_gl000203_random	1	10649	37498	0.283988
chr17_gl000204_random	0	55963	81310	0.688267
chr17_gl000204_random	1	25347	81310	0.311733
chr17_gl000205_random	0	138072	174588	0.790845
chr17_gl000205_random	1	36516	174588	0.209155
chr18	0	43569126	78077248	0.558026
chr18	1	34508122	78077248	0.441974
chr18_gl000207_random	0	723	4262	0.169639
chr18_gl000207_random	1	3539	4262	0.830361
chr19	0	38249147	59128983	0.646876
chr19	1	20879836	59128983	0.353124
chr19_gl000208_random	0	92164	92689	0.994336
chr19_gl000208_random	1	525	92689	0.0056641
chr19_gl000209_random	0	143019	159169	0.898535
chr19_gl000209_random	1	16150	159169	0.101464
chr1_gl000191_random	0	104377	106433	0.980683
chr1_gl000191_random	1	2056	106433	0.0193173
chr1_gl000192_random	0	547137	547496	0.999344
chr1_gl000192_random	1	359	547496	0.000655713
chr2	0	138372397	243199373	0.568967
chr2	1	104826976	243199373	0.431033
chr20	0	36548880	63025520	0.579906
chr20	1	26476640	63025520	0.420094
chr21	0	32565208	48129895	0.676611
chr21	1	15564687	48129895	0.323389
chr22	0	35964252	51304566	0.700995
chr22	1	15340314	51304566	0.299005
chr3	0	114300626	198022430	0.57721
chr3	1	83721804	198022430	0.42279
chr4	0	113469478	191154276	0.593602
chr4	1	77684798	191154276	0.406398
chr4_gl000193_random	0	132881	189789	0.700151
chr4_gl000193_random	1	56908	189789	0.299849
chr4_gl000194_random	0	153274	191469	0.800516
chr4_gl000194_random	1	38195	191469	0.199484
chr5	0	105536392	180915260	0.583347
chr5	1	75378868	180915260	0.416653
chr6	0	98778626	171115067	0.577264
chr6	1	72336441	171115067	0.422736
chr7	0	93567406	159138663	0.587962
chr7	1	65571257	159138663	0.412039
chr7_gl000195_random	0	119722	182896	0.654591
chr7_gl000195_random	1	63174	182896	0.345409
chr8	0	85169994	146364022	0.581905
chr8	1	61194028	146364022	0.418095
chr8_gl000196_random	0	38478	38914	0.988796
chr8_gl000196_random	1	436	38914	0.0112042
chr8_gl000197_random	0	35796	37175	0.962905
chr8_gl000197_random	1	1379	37175	0.0370948
chr9	0	92970355	141213431	0.658368
chr9	1	48243076	141213431	0.341632
chr9_gl000198_random	0	78099	90085	0.866948
chr9_gl000198_random	1	11986	90085	0.133052
chr9_gl000199_random	0	167759	169874	0.98755
chr9_gl000199_random	1	2115	169874	0.0124504
chr9_gl000201_random	0	34821	36148	0.96329
chr9_gl000201_random	1	1327	36148	0.0367102
chrM	0	16570	16571	0.99994
chrM	1	1	16571	6.03464e-05
chrUn_gl000211	0	116324	166566	0.698366
chrUn_gl000211	1	50242	166566	0.301634
chrUn_gl000212	0	110805	186858	0.59299
chrUn_gl000212	1	76053	186858	0.40701
chrUn_gl000218	0	116266	161147	0.72149
chrUn_gl000218	1	44881	161147	0.27851
chrX	0	116975876	155270560	0.753368
chrX	1	38294684	155270560	0.246632
chrY	0	56041119	59373566	0.943873
chrY	1	3332447	59373566	0.0561268
chr6_ssto_hap7	0	4928567	4928567	1
chr6_mcf_hap5	0	4833398	4833398	1
chr6_cox_hap2	0	4795371	4795371	1
chr6_mann_hap4	0	4683263	4683263	1
chr6_apd_hap1	0	4622290	4622290	1
chr6_qbl_hap6	0	4611984	4611984	1
chr6_dbb_hap3	0	4610396	4610396	1
chr17_ctg5_hap1	0	1680828	1680828	1
chr4_ctg9_hap1	0	590426	590426	1
chrUn_gl000225	0	211173	211173	1
chr9_gl000200_random	0	187035	187035	1
chrUn_gl000222	0	186861	186861	1
chrUn_gl000223	0	180455	180455	1
chrUn_gl000224	0	179693	179693	1
chrUn_gl000219	0	179198	179198	1
chrUn_gl000215	0	172545	172545	1
chrUn_gl000216	0	172294	172294	1
chrUn_gl000217	0	172149	172149	1
chrUn_gl000213	0	164239	164239	1
chrUn_gl000220	0	161802	161802	1
chrUn_gl000221	0	155397	155397	1
chrUn_gl000214	0	137718	137718	1
chrUn_gl000228	0	129120	129120	1
chrUn_gl000227	0	128374	128374	1
chrUn_gl000233	0	45941	45941	1
chrUn_gl000237	0	45867	45867	1
chrUn_gl000230	0	43691	43691	1
chrUn_gl000242	0	43523	43523	1
chrUn_gl000243	0	43341	43341	1
chrUn_gl000241	0	42152	42152	1
chrUn_gl000236	0	41934	41934	1
chrUn_gl000240	0	41933	41933	1
chr17_gl000206_random	0	41001	41001	1
chrUn_gl000232	0	40652	40652	1
chrUn_gl000234	0	40531	40531	1
chrUn_gl000238	0	39939	39939	1
chrUn_gl000244	0	39929	39929	1
chrUn_gl000248	0	39786	39786	1
chrUn_gl000249	0	38502	38502	1
chrUn_gl000246	0	38154	38154	1
chrUn_gl000245	0	36651	36651	1
chrUn_gl000247	0	36422	36422	1
chrUn_gl000235	0	34474	34474	1
chrUn_gl000239	0	33824	33824	1
chr21_gl000210_random	0	27682	27682	1
chrUn_gl000231	0	27386	27386	1
chrUn_gl000229	0	19913	19913	1
chrUn_gl000226	0	15008	15008	1
genome	0	1948844475	3137161264	0.621213
genome	1	1188316789	3137161264	0.378787



GSM628531_cd4_h2ax_liftedto19_SORTED.bed
chr1	0	157386415	249250621	0.631438
chr1	1	91864206	249250621	0.368562
chr10	0	78932106	135534747	0.582375
chr10	1	56602641	135534747	0.417625
chr11	0	80042849	135006516	0.592881
chr11	1	54963667	135006516	0.407119
chr11_gl000202_random	0	30907	40103	0.770691
chr11_gl000202_random	1	9196	40103	0.22931
chr12	0	80738789	133851895	0.603195
chr12	1	53113106	133851895	0.396805
chr13	0	73900584	115169878	0.641666
chr13	1	41269294	115169878	0.358334
chr14	0	70582025	107349540	0.657497
chr14	1	36767515	107349540	0.342503
chr15	0	68456427	102531392	0.667663
chr15	1	34074965	102531392	0.332337
chr16	0	57579166	90354753	0.637257
chr16	1	32775587	90354753	0.362743
chr17	0	48216637	81195210	0.593836
chr17	1	32978573	81195210	0.406164
chr17_gl000203_random	0	26583	37498	0.708918
chr17_gl000203_random	1	10915	37498	0.291082
chr17_gl000204_random	0	58817	81310	0.723367
chr17_gl000204_random	1	22493	81310	0.276633
chr17_gl000205_random	0	137830	174588	0.789459
chr17_gl000205_random	1	36758	174588	0.210541
chr18	0	44258619	78077248	0.566857
chr18	1	33818629	78077248	0.433143
chr18_gl000207_random	0	740	4262	0.173627
chr18_gl000207_random	1	3522	4262	0.826373
chr19	0	38807568	59128983	0.656321
chr19	1	20321415	59128983	0.343679
chr19_gl000208_random	0	92100	92689	0.993645
chr19_gl000208_random	1	589	92689	0.00635458
chr19_gl000209_random	0	142222	159169	0.893528
chr19_gl000209_random	1	16947	159169	0.106472
chr1_gl000191_random	0	103208	106433	0.969699
chr1_gl000191_random	1	3225	106433	0.0303008
chr1_gl000192_random	0	546812	547496	0.998751
chr1_gl000192_random	1	684	547496	0.00124932
chr2	0	140750923	243199373	0.578747
chr2	1	102448450	243199373	0.421253
chr20	0	37052458	63025520	0.587896
chr20	1	25973062	63025520	0.412104
chr21	0	32993234	48129895	0.685504
chr21	1	15136661	48129895	0.314496
chr22	0	36348057	51304566	0.708476
chr22	1	14956509	51304566	0.291524
chr3	0	116223079	198022430	0.586919
chr3	1	81799351	198022430	0.413081
chr4	0	115610257	191154276	0.604801
chr4	1	75544019	191154276	0.395199
chr4_gl000193_random	0	132750	189789	0.699461
chr4_gl000193_random	1	57039	189789	0.300539
chr4_gl000194_random	0	157453	191469	0.822342
chr4_gl000194_random	1	34016	191469	0.177658
chr5	0	107346994	180915260	0.593355
chr5	1	73568266	180915260	0.406645
chr6	0	100298605	171115067	0.586147
chr6	1	70816462	171115067	0.413853
chr7	0	95075905	159138663	0.597441
chr7	1	64062758	159138663	0.402559
chr7_gl000195_random	0	120821	182896	0.660599
chr7_gl000195_random	1	62075	182896	0.339401
chr8	0	86508642	146364022	0.591051
chr8	1	59855380	146364022	0.408949
chr8_gl000196_random	0	38546	38914	0.990543
chr8_gl000196_random	1	368	38914	0.00945675
chr8_gl000197_random	0	36058	37175	0.969953
chr8_gl000197_random	1	1117	37175	0.0300471
chr9	0	94068037	141213431	0.666141
chr9	1	47145394	141213431	0.333859
chr9_gl000198_random	0	77819	90085	0.86384
chr9_gl000198_random	1	12266	90085	0.13616
chr9_gl000199_random	0	167937	169874	0.988597
chr9_gl000199_random	1	1937	169874	0.0114026
chr9_gl000201_random	0	35286	36148	0.976154
chr9_gl000201_random	1	862	36148	0.0238464
chrM	0	16570	16571	0.99994
chrM	1	1	16571	6.03464e-05
chrUn_gl000211	0	115334	166566	0.692422
chrUn_gl000211	1	51232	166566	0.307578
chrUn_gl000212	0	113077	186858	0.605149
chrUn_gl000212	1	73781	186858	0.394851
chrUn_gl000218	0	120739	161147	0.749248
chrUn_gl000218	1	40408	161147	0.250752
chrX	0	118618957	155270560	0.76395
chrX	1	36651603	155270560	0.23605
chrY	0	56206988	59373566	0.946667
chrY	1	3166578	59373566	0.0533331
chr6_ssto_hap7	0	4928567	4928567	1
chr6_mcf_hap5	0	4833398	4833398	1
chr6_cox_hap2	0	4795371	4795371	1
chr6_mann_hap4	0	4683263	4683263	1
chr6_apd_hap1	0	4622290	4622290	1
chr6_qbl_hap6	0	4611984	4611984	1
chr6_dbb_hap3	0	4610396	4610396	1
chr17_ctg5_hap1	0	1680828	1680828	1
chr4_ctg9_hap1	0	590426	590426	1
chrUn_gl000225	0	211173	211173	1
chr9_gl000200_random	0	187035	187035	1
chrUn_gl000222	0	186861	186861	1
chrUn_gl000223	0	180455	180455	1
chrUn_gl000224	0	179693	179693	1
chrUn_gl000219	0	179198	179198	1
chrUn_gl000215	0	172545	172545	1
chrUn_gl000216	0	172294	172294	1
chrUn_gl000217	0	172149	172149	1
chrUn_gl000213	0	164239	164239	1
chrUn_gl000220	0	161802	161802	1
chrUn_gl000221	0	155397	155397	1
chrUn_gl000214	0	137718	137718	1
chrUn_gl000228	0	129120	129120	1
chrUn_gl000227	0	128374	128374	1
chrUn_gl000233	0	45941	45941	1
chrUn_gl000237	0	45867	45867	1
chrUn_gl000230	0	43691	43691	1
chrUn_gl000242	0	43523	43523	1
chrUn_gl000243	0	43341	43341	1
chrUn_gl000241	0	42152	42152	1
chrUn_gl000236	0	41934	41934	1
chrUn_gl000240	0	41933	41933	1
chr17_gl000206_random	0	41001	41001	1
chrUn_gl000232	0	40652	40652	1
chrUn_gl000234	0	40531	40531	1
chrUn_gl000238	0	39939	39939	1
chrUn_gl000244	0	39929	39929	1
chrUn_gl000248	0	39786	39786	1
chrUn_gl000249	0	38502	38502	1
chrUn_gl000246	0	38154	38154	1
chrUn_gl000245	0	36651	36651	1
chrUn_gl000247	0	36422	36422	1
chrUn_gl000235	0	34474	34474	1
chrUn_gl000239	0	33824	33824	1
chr21_gl000210_random	0	27682	27682	1
chrUn_gl000231	0	27386	27386	1
chrUn_gl000229	0	19913	19913	1
chrUn_gl000226	0	15008	15008	1
genome	0	1977047742	3137161264	0.630203
genome	1	1160113522	3137161264	0.369797



GSM628532_jurkat_h2ax_liftedto19_SORTED.bed
chr1	0	186678128	249250621	0.748958
chr1	1	62572493	249250621	0.251042
chr10	0	97258227	135534747	0.717589
chr10	1	38276520	135534747	0.282411
chr11	0	97541440	135006516	0.722494
chr11	1	37465076	135006516	0.277506
chr11_gl000202_random	0	30618	40103	0.763484
chr11_gl000202_random	1	9485	40103	0.236516
chr12	0	99830464	133851895	0.745828
chr12	1	34021431	133851895	0.254172
chr13	0	91623224	115169878	0.795548
chr13	1	23546654	115169878	0.204451
chr14	0	83475262	107349540	0.777602
chr14	1	23874278	107349540	0.222398
chr15	0	78912841	102531392	0.769646
chr15	1	23618551	102531392	0.230354
chr16	0	65649632	90354753	0.726576
chr16	1	24705121	90354753	0.273424
chr17	0	55288823	81195210	0.680937
chr17	1	25906387	81195210	0.319063
chr17_gl000203_random	0	31468	37498	0.839191
chr17_gl000203_random	1	6030	37498	0.160809
chr17_gl000204_random	0	61048	81310	0.750806
chr17_gl000204_random	1	20262	81310	0.249194
chr17_gl000205_random	0	149522	174588	0.856428
chr17_gl000205_random	1	25066	174588	0.143572
chr18	0	57421257	78077248	0.735442
chr18	1	20655991	78077248	0.264558
chr18_gl000207_random	0	1815	4262	0.425856
chr18_gl000207_random	1	2447	4262	0.574144
chr19	0	41255208	59128983	0.697715
chr19	1	17873775	59128983	0.302285
chr19_gl000208_random	0	92402	92689	0.996904
chr19_gl000208_random	1	287	92689	0.00309638
chr19_gl000209_random	0	140428	159169	0.882257
chr19_gl000209_random	1	18741	159169	0.117743
chr1_gl000191_random	0	104454	106433	0.981406
chr1_gl000191_random	1	1979	106433	0.0185939
chr1_gl000192_random	0	547278	547496	0.999602
chr1_gl000192_random	1	218	547496	0.000398176
chr2	0	181251086	243199373	0.745278
chr2	1	61948287	243199373	0.254722
chr20	0	43579629	63025520	0.69146
chr20	1	19445891	63025520	0.30854
chr21	0	38456479	48129895	0.799014
chr21	1	9673416	48129895	0.200986
chr22	0	39598038	51304566	0.771823
chr22	1	11706528	51304566	0.228177
chr3	0	148271975	198022430	0.748764
chr3	1	49750455	198022430	0.251236
chr4	0	156519375	191154276	0.818812
chr4	1	34634901	191154276	0.181188
chr4_gl000193_random	0	150280	189789	0.791827
chr4_gl000193_random	1	39509	189789	0.208173
chr4_gl000194_random	0	164360	191469	0.858416
chr4_gl000194_random	1	27109	191469	0.141584
chr5	0	142658964	180915260	0.78854
chr5	1	38256296	180915260	0.21146
chr6	0	127824965	171115067	0.747012
chr6	1	43290102	171115067	0.252988
chr7	0	118799753	159138663	0.746517
chr7	1	40338910	159138663	0.253483
chr7_gl000195_random	0	130241	182896	0.712104
chr7_gl000195_random	1	52655	182896	0.287896
chr8	0	109161874	146364022	0.745825
chr8	1	37202148	146364022	0.254176
chr8_gl000197_random	0	36481	37175	0.981332
chr8_gl000197_random	1	694	37175	0.0186685
chr9	0	114541437	141213431	0.811123
chr9	1	26671994	141213431	0.188877
chr9_gl000198_random	0	79054	90085	0.877549
chr9_gl000198_random	1	11031	90085	0.122451
chr9_gl000199_random	0	168350	169874	0.991029
chr9_gl000199_random	1	1524	169874	0.00897135
chr9_gl000201_random	0	34643	36148	0.958366
chr9_gl000201_random	1	1505	36148	0.0416344
chrM	0	16570	16571	0.99994
chrM	1	1	16571	6.03464e-05
chrUn_gl000211	0	143627	166566	0.862283
chrUn_gl000211	1	22939	166566	0.137717
chrUn_gl000212	0	143431	186858	0.767594
chrUn_gl000212	1	43427	186858	0.232406
chrUn_gl000218	0	146763	161147	0.91074
chrUn_gl000218	1	14384	161147	0.0892601
chrX	0	136875081	155270560	0.881526
chrX	1	18395479	155270560	0.118474
chrY	0	59267066	59373566	0.998206
chrY	1	106500	59373566	0.00179373
chr6_ssto_hap7	0	4928567	4928567	1
chr6_mcf_hap5	0	4833398	4833398	1
chr6_cox_hap2	0	4795371	4795371	1
chr6_mann_hap4	0	4683263	4683263	1
chr6_apd_hap1	0	4622290	4622290	1
chr6_qbl_hap6	0	4611984	4611984	1
chr6_dbb_hap3	0	4610396	4610396	1
chr17_ctg5_hap1	0	1680828	1680828	1
chr4_ctg9_hap1	0	590426	590426	1
chrUn_gl000225	0	211173	211173	1
chr9_gl000200_random	0	187035	187035	1
chrUn_gl000222	0	186861	186861	1
chrUn_gl000223	0	180455	180455	1
chrUn_gl000224	0	179693	179693	1
chrUn_gl000219	0	179198	179198	1
chrUn_gl000215	0	172545	172545	1
chrUn_gl000216	0	172294	172294	1
chrUn_gl000217	0	172149	172149	1
chrUn_gl000213	0	164239	164239	1
chrUn_gl000220	0	161802	161802	1
chrUn_gl000221	0	155397	155397	1
chrUn_gl000214	0	137718	137718	1
chrUn_gl000228	0	129120	129120	1
chrUn_gl000227	0	128374	128374	1
chrUn_gl000233	0	45941	45941	1
chrUn_gl000237	0	45867	45867	1
chrUn_gl000230	0	43691	43691	1
chrUn_gl000242	0	43523	43523	1
chrUn_gl000243	0	43341	43341	1
chrUn_gl000241	0	42152	42152	1
chrUn_gl000236	0	41934	41934	1
chrUn_gl000240	0	41933	41933	1
chr17_gl000206_random	0	41001	41001	1
chrUn_gl000232	0	40652	40652	1
chrUn_gl000234	0	40531	40531	1
chrUn_gl000238	0	39939	39939	1
chrUn_gl000244	0	39929	39929	1
chrUn_gl000248	0	39786	39786	1
chr8_gl000196_random	0	38914	38914	1
chrUn_gl000249	0	38502	38502	1
chrUn_gl000246	0	38154	38154	1
chrUn_gl000245	0	36651	36651	1
chrUn_gl000247	0	36422	36422	1
chrUn_gl000235	0	34474	34474	1
chrUn_gl000239	0	33824	33824	1
chr21_gl000210_random	0	27682	27682	1
chrUn_gl000231	0	27386	27386	1
chrUn_gl000229	0	19913	19913	1
chrUn_gl000226	0	15008	15008	1
genome	0	2412924787	3137161264	0.769143
genome	1	724236477	3137161264	0.230857



GSM628533_hl60_h2ax_liftedto19_SORTED.bed
chr1	0	149084769	249250621	0.598132
chr1	1	100165852	249250621	0.401868
chr10	0	76667728	135534747	0.565668
chr10	1	58867019	135534747	0.434332
chr11	0	75833284	135006516	0.561701
chr11	1	59173232	135006516	0.438299
chr11_gl000202_random	0	30025	40103	0.748697
chr11_gl000202_random	1	10078	40103	0.251303
chr12	0	76108665	133851895	0.568604
chr12	1	57743230	133851895	0.431396
chr13	0	70573539	115169878	0.612778
chr13	1	44596339	115169878	0.387222
chr14	0	68525896	107349540	0.638344
chr14	1	38823644	107349540	0.361656
chr15	0	68386501	102531392	0.666981
chr15	1	34144891	102531392	0.333019
chr16	0	55305835	90354753	0.612097
chr16	1	35048918	90354753	0.387903
chr17	0	46231071	81195210	0.569382
chr17	1	34964139	81195210	0.430618
chr17_gl000203_random	0	26258	37498	0.700251
chr17_gl000203_random	1	11240	37498	0.299749
chr17_gl000204_random	0	56034	81310	0.68914
chr17_gl000204_random	1	25276	81310	0.31086
chr17_gl000205_random	0	140934	174588	0.807238
chr17_gl000205_random	1	33654	174588	0.192762
chr18	0	42034185	78077248	0.538367
chr18	1	36043063	78077248	0.461633
chr18_gl000207_random	0	913	4262	0.214219
chr18_gl000207_random	1	3349	4262	0.785781
chr19	0	36778552	59128983	0.622005
chr19	1	22350431	59128983	0.377995
chr19_gl000208_random	0	92207	92689	0.9948
chr19_gl000208_random	1	482	92689	0.00520019
chr19_gl000209_random	0	136251	159169	0.856015
chr19_gl000209_random	1	22918	159169	0.143985
chr1_gl000191_random	0	101626	106433	0.954835
chr1_gl000191_random	1	4807	106433	0.0451646
chr1_gl000192_random	0	546355	547496	0.997916
chr1_gl000192_random	1	1141	547496	0.00208403
chr2	0	132426239	243199373	0.544517
chr2	1	110773134	243199373	0.455483
chr20	0	35120806	63025520	0.557247
chr20	1	27904714	63025520	0.442753
chr21	0	34739495	48129895	0.721786
chr21	1	13390400	48129895	0.278214
chr22	0	35044597	51304566	0.68307
chr22	1	16259969	51304566	0.31693
chr3	0	109652297	198022430	0.553737
chr3	1	88370133	198022430	0.446263
chr4	0	109610328	191154276	0.573413
chr4	1	81543948	191154276	0.426587
chr4_gl000193_random	0	133734	189789	0.704646
chr4_gl000193_random	1	56055	189789	0.295354
chr4_gl000194_random	0	154404	191469	0.806418
chr4_gl000194_random	1	37065	191469	0.193582
chr5	0	108851030	180915260	0.601669
chr5	1	72064230	180915260	0.398331
chr6	0	94223602	171115067	0.550645
chr6	1	76891465	171115067	0.449355
chr7	0	89855991	159138663	0.56464
chr7	1	69282672	159138663	0.43536
chr7_gl000195_random	0	116807	182896	0.638653
chr7_gl000195_random	1	66089	182896	0.361347
chr8	0	93660857	146364022	0.639917
chr8	1	52703165	146364022	0.360083
chr8_gl000196_random	0	38549	38914	0.99062
chr8_gl000196_random	1	365	38914	0.00937966
chr8_gl000197_random	0	36276	37175	0.975817
chr8_gl000197_random	1	899	37175	0.0241829
chr9	0	92727321	141213431	0.656647
chr9	1	48486110	141213431	0.343353
chr9_gl000198_random	0	77779	90085	0.863396
chr9_gl000198_random	1	12306	90085	0.136604
chr9_gl000199_random	0	167786	169874	0.987709
chr9_gl000199_random	1	2088	169874	0.0122915
chr9_gl000201_random	0	35308	36148	0.976762
chr9_gl000201_random	1	840	36148	0.0232378
chrM	0	16570	16571	0.99994
chrM	1	1	16571	6.03464e-05
chrUn_gl000211	0	111938	166566	0.672034
chrUn_gl000211	1	54628	166566	0.327966
chrUn_gl000212	0	117474	186858	0.628681
chrUn_gl000212	1	69384	186858	0.371319
chrUn_gl000218	0	122826	161147	0.762199
chrUn_gl000218	1	38321	161147	0.237802
chrX	0	113770916	155270560	0.732727
chrX	1	41499644	155270560	0.267273
chrY	0	59231914	59373566	0.997614
chrY	1	141652	59373566	0.00238578
chr6_ssto_hap7	0	4928567	4928567	1
chr6_mcf_hap5	0	4833398	4833398	1
chr6_cox_hap2	0	4795371	4795371	1
chr6_mann_hap4	0	4683263	4683263	1
chr6_apd_hap1	0	4622290	4622290	1
chr6_qbl_hap6	0	4611984	4611984	1
chr6_dbb_hap3	0	4610396	4610396	1
chr17_ctg5_hap1	0	1680828	1680828	1
chr4_ctg9_hap1	0	590426	590426	1
chrUn_gl000225	0	211173	211173	1
chr9_gl000200_random	0	187035	187035	1
chrUn_gl000222	0	186861	186861	1
chrUn_gl000223	0	180455	180455	1
chrUn_gl000224	0	179693	179693	1
chrUn_gl000219	0	179198	179198	1
chrUn_gl000215	0	172545	172545	1
chrUn_gl000216	0	172294	172294	1
chrUn_gl000217	0	172149	172149	1
chrUn_gl000213	0	164239	164239	1
chrUn_gl000220	0	161802	161802	1
chrUn_gl000221	0	155397	155397	1
chrUn_gl000214	0	137718	137718	1
chrUn_gl000228	0	129120	129120	1
chrUn_gl000227	0	128374	128374	1
chrUn_gl000233	0	45941	45941	1
chrUn_gl000237	0	45867	45867	1
chrUn_gl000230	0	43691	43691	1
chrUn_gl000242	0	43523	43523	1
chrUn_gl000243	0	43341	43341	1
chrUn_gl000241	0	42152	42152	1
chrUn_gl000236	0	41934	41934	1
chrUn_gl000240	0	41933	41933	1
chr17_gl000206_random	0	41001	41001	1
chrUn_gl000232	0	40652	40652	1
chrUn_gl000234	0	40531	40531	1
chrUn_gl000238	0	39939	39939	1
chrUn_gl000244	0	39929	39929	1
chrUn_gl000248	0	39786	39786	1
chrUn_gl000249	0	38502	38502	1
chrUn_gl000246	0	38154	38154	1
chrUn_gl000245	0	36651	36651	1
chrUn_gl000247	0	36422	36422	1
chrUn_gl000235	0	34474	34474	1
chrUn_gl000239	0	33824	33824	1
chr21_gl000210_random	0	27682	27682	1
chrUn_gl000231	0	27386	27386	1
chrUn_gl000229	0	19913	19913	1
chrUn_gl000226	0	15008	15008	1
genome	0	1915478284	3137161264	0.610577
genome	1	1221682980	3137161264	0.389423



GSM628534_cd4_rgh2ax_liftedto19_SORTED.bed
chr1	0	163887297	249250621	0.65752
chr1	1	85363324	249250621	0.34248
chr10	0	83775540	135534747	0.618111
chr10	1	51759207	135534747	0.381889
chr11	0	84686144	135006516	0.627275
chr11	1	50320372	135006516	0.372726
chr11_gl000202_random	0	31875	40103	0.794828
chr11_gl000202_random	1	8228	40103	0.205172
chr12	0	84244399	133851895	0.629385
chr12	1	49607496	133851895	0.370615
chr13	0	76606138	115169878	0.665158
chr13	1	38563740	115169878	0.334842
chr14	0	73027522	107349540	0.680278
chr14	1	34322018	107349540	0.319722
chr15	0	71321352	102531392	0.695605
chr15	1	31210040	102531392	0.304395
chr16	0	60622364	90354753	0.670937
chr16	1	29732389	90354753	0.329063
chr17	0	50582196	81195210	0.62297
chr17	1	30613014	81195210	0.37703
chr17_gl000203_random	0	27644	37498	0.737213
chr17_gl000203_random	1	9854	37498	0.262787
chr17_gl000204_random	0	65473	81310	0.805227
chr17_gl000204_random	1	15837	81310	0.194773
chr17_gl000205_random	0	143120	174588	0.819759
chr17_gl000205_random	1	31468	174588	0.180241
chr18	0	47245737	78077248	0.605115
chr18	1	30831511	78077248	0.394885
chr18_gl000207_random	0	1260	4262	0.295636
chr18_gl000207_random	1	3002	4262	0.704364
chr19	0	40106529	59128983	0.678289
chr19	1	19022454	59128983	0.321711
chr19_gl000208_random	0	92150	92689	0.994185
chr19_gl000208_random	1	539	92689	0.00581515
chr19_gl000209_random	0	149922	159169	0.941905
chr19_gl000209_random	1	9247	159169	0.0580955
chr1_gl000191_random	0	102701	106433	0.964936
chr1_gl000191_random	1	3732	106433	0.0350643
chr1_gl000192_random	0	546785	547496	0.998701
chr1_gl000192_random	1	711	547496	0.00129864
chr2	0	148369187	243199373	0.610072
chr2	1	94830186	243199373	0.389928
chr20	0	39558898	63025520	0.627665
chr20	1	23466622	63025520	0.372335
chr21	0	34116468	48129895	0.708842
chr21	1	14013427	48129895	0.291158
chr22	0	37857977	51304566	0.737907
chr22	1	13446589	51304566	0.262093
chr3	0	122037081	198022430	0.616279
chr3	1	75985349	198022430	0.383721
chr4	0	120360212	191154276	0.62965
chr4	1	70794064	191154276	0.37035
chr4_gl000193_random	0	138614	189789	0.730358
chr4_gl000193_random	1	51175	189789	0.269642
chr4_gl000194_random	0	165218	191469	0.862897
chr4_gl000194_random	1	26251	191469	0.137103
chr5	0	112810845	180915260	0.623556
chr5	1	68104415	180915260	0.376444
chr6	0	104946962	171115067	0.613312
chr6	1	66168105	171115067	0.386688
chr7	0	100109798	159138663	0.629073
chr7	1	59028865	159138663	0.370927
chr7_gl000195_random	0	123573	182896	0.675646
chr7_gl000195_random	1	59323	182896	0.324354
chr8	0	91275077	146364022	0.623617
chr8	1	55088945	146364022	0.376383
chr8_gl000196_random	0	38577	38914	0.99134
chr8_gl000196_random	1	337	38914	0.00866012
chr8_gl000197_random	0	36067	37175	0.970195
chr8_gl000197_random	1	1108	37175	0.029805
chr9	0	97994551	141213431	0.693946
chr9	1	43218880	141213431	0.306054
chr9_gl000198_random	0	77952	90085	0.865316
chr9_gl000198_random	1	12133	90085	0.134684
chr9_gl000199_random	0	168073	169874	0.989398
chr9_gl000199_random	1	1801	169874	0.010602
chr9_gl000201_random	0	35532	36148	0.982959
chr9_gl000201_random	1	616	36148	0.0170411
chrM	0	16570	16571	0.99994
chrM	1	1	16571	6.03464e-05
chrUn_gl000211	0	123745	166566	0.742919
chrUn_gl000211	1	42821	166566	0.257081
chrUn_gl000212	0	131226	186858	0.702277
chrUn_gl000212	1	55632	186858	0.297723
chrUn_gl000218	0	128698	161147	0.798637
chrUn_gl000218	1	32449	161147	0.201363
chrX	0	123836970	155270560	0.797556
chrX	1	31433590	155270560	0.202444
chrY	0	56729661	59373566	0.95547
chrY	1	2643905	59373566	0.04453
chr6_ssto_hap7	0	4928567	4928567	1
chr6_mcf_hap5	0	4833398	4833398	1
chr6_cox_hap2	0	4795371	4795371	1
chr6_mann_hap4	0	4683263	4683263	1
chr6_apd_hap1	0	4622290	4622290	1
chr6_qbl_hap6	0	4611984	4611984	1
chr6_dbb_hap3	0	4610396	4610396	1
chr17_ctg5_hap1	0	1680828	1680828	1
chr4_ctg9_hap1	0	590426	590426	1
chrUn_gl000225	0	211173	211173	1
chr9_gl000200_random	0	187035	187035	1
chrUn_gl000222	0	186861	186861	1
chrUn_gl000223	0	180455	180455	1
chrUn_gl000224	0	179693	179693	1
chrUn_gl000219	0	179198	179198	1
chrUn_gl000215	0	172545	172545	1
chrUn_gl000216	0	172294	172294	1
chrUn_gl000217	0	172149	172149	1
chrUn_gl000213	0	164239	164239	1
chrUn_gl000220	0	161802	161802	1
chrUn_gl000221	0	155397	155397	1
chrUn_gl000214	0	137718	137718	1
chrUn_gl000228	0	129120	129120	1
chrUn_gl000227	0	128374	128374	1
chrUn_gl000233	0	45941	45941	1
chrUn_gl000237	0	45867	45867	1
chrUn_gl000230	0	43691	43691	1
chrUn_gl000242	0	43523	43523	1
chrUn_gl000243	0	43341	43341	1
chrUn_gl000241	0	42152	42152	1
chrUn_gl000236	0	41934	41934	1
chrUn_gl000240	0	41933	41933	1
chr17_gl000206_random	0	41001	41001	1
chrUn_gl000232	0	40652	40652	1
chrUn_gl000234	0	40531	40531	1
chrUn_gl000238	0	39939	39939	1
chrUn_gl000244	0	39929	39929	1
chrUn_gl000248	0	39786	39786	1
chrUn_gl000249	0	38502	38502	1
chrUn_gl000246	0	38154	38154	1
chrUn_gl000245	0	36651	36651	1
chrUn_gl000247	0	36422	36422	1
chrUn_gl000235	0	34474	34474	1
chrUn_gl000239	0	33824	33824	1
chr21_gl000210_random	0	27682	27682	1
chrUn_gl000231	0	27386	27386	1
chrUn_gl000229	0	19913	19913	1
chrUn_gl000226	0	15008	15008	1
genome	0	2067226492	3137161264	0.658948
genome	1	1069934772	3137161264	0.341052



er_negative_tcga_brca_hg19s_SORTED.bed
chr1	0	249243524	249250621	0.999972
chr1	1	7097	249250621	2.84733e-05
chr10	0	135532546	135534747	0.999984
chr10	1	2201	135534747	1.62394e-05
chr11	0	135003188	135006516	0.999975
chr11	1	3328	135006516	2.46507e-05
chr12	0	133849009	133851895	0.999978
chr12	1	2886	133851895	2.15611e-05
chr13	0	115168836	115169878	0.999991
chr13	1	1042	115169878	9.0475e-06
chr14	0	107347921	107349540	0.999985
chr14	1	1619	107349540	1.50816e-05
chr15	0	102529704	102531392	0.999984
chr15	1	1688	102531392	1.64633e-05
chr16	0	90352531	90354753	0.999975
chr16	1	2222	90354753	2.4592e-05
chr17	0	81191742	81195210	0.999957
chr17	1	3468	81195210	4.27119e-05
chr18	0	78076405	78077248	0.999989
chr18	1	843	78077248	1.0797e-05
chr19	0	59124947	59128983	0.999932
chr19	1	4036	59128983	6.82576e-05
chr2	0	243195055	243199373	0.999982
chr2	1	4318	243199373	1.7755e-05
chr20	0	63023975	63025520	0.999976
chr20	1	1545	63025520	2.45139e-05
chr21	0	48129138	48129895	0.999984
chr21	1	757	48129895	1.57283e-05
chr22	0	51303282	51304566	0.999975
chr22	1	1284	51304566	2.5027e-05
chr3	0	198018941	198022430	0.999982
chr3	1	3489	198022430	1.76192e-05
chr4	0	191152310	191154276	0.99999
chr4	1	1966	191154276	1.02849e-05
chr5	0	180912981	180915260	0.999987
chr5	1	2279	180915260	1.25971e-05
chr6	0	171111798	171115067	0.999981
chr6	1	3269	171115067	1.91041e-05
chr7	0	159135717	159138663	0.999982
chr7	1	2946	159138663	1.85122e-05
chr8	0	146361652	146364022	0.999984
chr8	1	2370	146364022	1.61925e-05
chr9	0	141211216	141213431	0.999984
chr9	1	2215	141213431	1.56855e-05
chrX	0	155267748	155270560	0.999982
chrX	1	2812	155270560	1.81103e-05
chrY	0	59373566	59373566	1
chr6_ssto_hap7	0	4928567	4928567	1
chr6_mcf_hap5	0	4833398	4833398	1
chr6_cox_hap2	0	4795371	4795371	1
chr6_mann_hap4	0	4683263	4683263	1
chr6_apd_hap1	0	4622290	4622290	1
chr6_qbl_hap6	0	4611984	4611984	1
chr6_dbb_hap3	0	4610396	4610396	1
chr17_ctg5_hap1	0	1680828	1680828	1
chr4_ctg9_hap1	0	590426	590426	1
chr1_gl000192_random	0	547496	547496	1
chrUn_gl000225	0	211173	211173	1
chr4_gl000194_random	0	191469	191469	1
chr4_gl000193_random	0	189789	189789	1
chr9_gl000200_random	0	187035	187035	1
chrUn_gl000222	0	186861	186861	1
chrUn_gl000212	0	186858	186858	1
chr7_gl000195_random	0	182896	182896	1
chrUn_gl000223	0	180455	180455	1
chrUn_gl000224	0	179693	179693	1
chrUn_gl000219	0	179198	179198	1
chr17_gl000205_random	0	174588	174588	1
chrUn_gl000215	0	172545	172545	1
chrUn_gl000216	0	172294	172294	1
chrUn_gl000217	0	172149	172149	1
chr9_gl000199_random	0	169874	169874	1
chrUn_gl000211	0	166566	166566	1
chrUn_gl000213	0	164239	164239	1
chrUn_gl000220	0	161802	161802	1
chrUn_gl000218	0	161147	161147	1
chr19_gl000209_random	0	159169	159169	1
chrUn_gl000221	0	155397	155397	1
chrUn_gl000214	0	137718	137718	1
chrUn_gl000228	0	129120	129120	1
chrUn_gl000227	0	128374	128374	1
chr1_gl000191_random	0	106433	106433	1
chr19_gl000208_random	0	92689	92689	1
chr9_gl000198_random	0	90085	90085	1
chr17_gl000204_random	0	81310	81310	1
chrUn_gl000233	0	45941	45941	1
chrUn_gl000237	0	45867	45867	1
chrUn_gl000230	0	43691	43691	1
chrUn_gl000242	0	43523	43523	1
chrUn_gl000243	0	43341	43341	1
chrUn_gl000241	0	42152	42152	1
chrUn_gl000236	0	41934	41934	1
chrUn_gl000240	0	41933	41933	1
chr17_gl000206_random	0	41001	41001	1
chrUn_gl000232	0	40652	40652	1
chrUn_gl000234	0	40531	40531	1
chr11_gl000202_random	0	40103	40103	1
chrUn_gl000238	0	39939	39939	1
chrUn_gl000244	0	39929	39929	1
chrUn_gl000248	0	39786	39786	1
chr8_gl000196_random	0	38914	38914	1
chrUn_gl000249	0	38502	38502	1
chrUn_gl000246	0	38154	38154	1
chr17_gl000203_random	0	37498	37498	1
chr8_gl000197_random	0	37175	37175	1
chrUn_gl000245	0	36651	36651	1
chrUn_gl000247	0	36422	36422	1
chr9_gl000201_random	0	36148	36148	1
chrUn_gl000235	0	34474	34474	1
chrUn_gl000239	0	33824	33824	1
chr21_gl000210_random	0	27682	27682	1
chrUn_gl000231	0	27386	27386	1
chrUn_gl000229	0	19913	19913	1
chrM	0	16571	16571	1
chrUn_gl000226	0	15008	15008	1
chr18_gl000207_random	0	4262	4262	1
genome	0	3137101584	3137161264	0.999981
genome	1	59680	3137161264	1.90236e-05



er_positive_tcga_brca_hg19s_SORTED.bed
chr1	0	249237087	249250621	0.999946
chr1	1	13534	249250621	5.42988e-05
chr10	0	135530044	135534747	0.999965
chr10	1	4703	135534747	3.46996e-05
chr11	0	134999591	135006516	0.999949
chr11	1	6925	135006516	5.12938e-05
chr12	0	133844912	133851895	0.999948
chr12	1	6983	133851895	5.21696e-05
chr13	0	115167691	115169878	0.999981
chr13	1	2187	115169878	1.89893e-05
chr14	0	107345707	107349540	0.999964
chr14	1	3833	107349540	3.57058e-05
chr15	0	102527671	102531392	0.999964
chr15	1	3721	102531392	3.62913e-05
chr16	0	90350307	90354753	0.999951
chr16	1	4446	90354753	4.9206e-05
chr17	0	81187972	81195210	0.999911
chr17	1	7238	81195210	8.91432e-05
chr18	0	78075481	78077248	0.999977
chr18	1	1767	78077248	2.26314e-05
chr19	0	59121210	59128983	0.999869
chr19	1	7773	59128983	0.000131458
chr2	0	243190261	243199373	0.999963
chr2	1	9112	243199373	3.74672e-05
chr20	0	63022292	63025520	0.999949
chr20	1	3228	63025520	5.12173e-05
chr21	0	48128612	48129895	0.999973
chr21	1	1283	48129895	2.6657e-05
chr22	0	51302313	51304566	0.999956
chr22	1	2253	51304566	4.39142e-05
chr3	0	198015240	198022430	0.999964
chr3	1	7190	198022430	3.6309e-05
chr4	0	191149683	191154276	0.999976
chr4	1	4593	191154276	2.40277e-05
chr5	0	180909106	180915260	0.999966
chr5	1	6154	180915260	3.40159e-05
chr6	0	171108863	171115067	0.999964
chr6	1	6204	171115067	3.62563e-05
chr7	0	159132724	159138663	0.999963
chr7	1	5939	159138663	3.73197e-05
chr8	0	146359500	146364022	0.999969
chr8	1	4522	146364022	3.08956e-05
chr9	0	141208662	141213431	0.999966
chr9	1	4769	141213431	3.37716e-05
chrX	0	155264584	155270560	0.999961
chrX	1	5976	155270560	3.84877e-05
chrY	0	59373562	59373566	1
chrY	1	4	59373566	6.737e-08
chr6_ssto_hap7	0	4928567	4928567	1
chr6_mcf_hap5	0	4833398	4833398	1
chr6_cox_hap2	0	4795371	4795371	1
chr6_mann_hap4	0	4683263	4683263	1
chr6_apd_hap1	0	4622290	4622290	1
chr6_qbl_hap6	0	4611984	4611984	1
chr6_dbb_hap3	0	4610396	4610396	1
chr17_ctg5_hap1	0	1680828	1680828	1
chr4_ctg9_hap1	0	590426	590426	1
chr1_gl000192_random	0	547496	547496	1
chrUn_gl000225	0	211173	211173	1
chr4_gl000194_random	0	191469	191469	1
chr4_gl000193_random	0	189789	189789	1
chr9_gl000200_random	0	187035	187035	1
chrUn_gl000222	0	186861	186861	1
chrUn_gl000212	0	186858	186858	1
chr7_gl000195_random	0	182896	182896	1
chrUn_gl000223	0	180455	180455	1
chrUn_gl000224	0	179693	179693	1
chrUn_gl000219	0	179198	179198	1
chr17_gl000205_random	0	174588	174588	1
chrUn_gl000215	0	172545	172545	1
chrUn_gl000216	0	172294	172294	1
chrUn_gl000217	0	172149	172149	1
chr9_gl000199_random	0	169874	169874	1
chrUn_gl000211	0	166566	166566	1
chrUn_gl000213	0	164239	164239	1
chrUn_gl000220	0	161802	161802	1
chrUn_gl000218	0	161147	161147	1
chr19_gl000209_random	0	159169	159169	1
chrUn_gl000221	0	155397	155397	1
chrUn_gl000214	0	137718	137718	1
chrUn_gl000228	0	129120	129120	1
chrUn_gl000227	0	128374	128374	1
chr1_gl000191_random	0	106433	106433	1
chr19_gl000208_random	0	92689	92689	1
chr9_gl000198_random	0	90085	90085	1
chr17_gl000204_random	0	81310	81310	1
chrUn_gl000233	0	45941	45941	1
chrUn_gl000237	0	45867	45867	1
chrUn_gl000230	0	43691	43691	1
chrUn_gl000242	0	43523	43523	1
chrUn_gl000243	0	43341	43341	1
chrUn_gl000241	0	42152	42152	1
chrUn_gl000236	0	41934	41934	1
chrUn_gl000240	0	41933	41933	1
chr17_gl000206_random	0	41001	41001	1
chrUn_gl000232	0	40652	40652	1
chrUn_gl000234	0	40531	40531	1
chr11_gl000202_random	0	40103	40103	1
chrUn_gl000238	0	39939	39939	1
chrUn_gl000244	0	39929	39929	1
chrUn_gl000248	0	39786	39786	1
chr8_gl000196_random	0	38914	38914	1
chrUn_gl000249	0	38502	38502	1
chrUn_gl000246	0	38154	38154	1
chr17_gl000203_random	0	37498	37498	1
chr8_gl000197_random	0	37175	37175	1
chrUn_gl000245	0	36651	36651	1
chrUn_gl000247	0	36422	36422	1
chr9_gl000201_random	0	36148	36148	1
chrUn_gl000235	0	34474	34474	1
chrUn_gl000239	0	33824	33824	1
chr21_gl000210_random	0	27682	27682	1
chrUn_gl000231	0	27386	27386	1
chrUn_gl000229	0	19913	19913	1
chrM	0	16571	16571	1
chrUn_gl000226	0	15008	15008	1
chr18_gl000207_random	0	4262	4262	1
genome	0	3137036927	3137161264	0.99996
genome	1	124337	3137161264	3.96336e-05



